115.00	4.790e-17
115.05	4.714e-17
115.10	4.648e-17
115.15	4.646e-17
115.20	4.620e-17
115.25	4.624e-17
115.30	4.653e-17
115.35	4.697e-17
115.40	4.673e-17
115.45	4.611e-17
115.50	4.533e-17
115.55	4.501e-17
115.60	4.533e-17
115.65	4.615e-17
115.70	4.713e-17
115.75	4.796e-17
115.80	4.893e-17
115.85	4.892e-17
115.90	4.862e-17
115.95	4.900e-17
116.00	4.949e-17
116.05	4.973e-17
116.10	5.055e-17
116.15	5.079e-17
116.20	5.024e-17
116.25	4.980e-17
116.30	5.023e-17
116.35	5.106e-17
116.40	5.037e-17
116.45	4.887e-17
116.50	4.757e-17
116.55	4.641e-17
116.60	4.633e-17
116.65	4.743e-17
116.70	4.739e-17
116.75	4.621e-17
116.80	4.602e-17
116.85	4.640e-17
116.90	4.685e-17
116.95	4.743e-17
117.00	4.807e-17
117.05	4.857e-17
117.10	4.976e-17
117.15	5.269e-17
117.20	5.662e-17
117.25	5.695e-17
117.30	5.478e-17
117.35	5.322e-17
117.40	5.234e-17
117.45	5.196e-17
117.50	5.204e-17
117.55	5.089e-17
117.60	4.924e-17
117.65	4.781e-17
117.70	4.628e-17
117.75	4.523e-17
117.80	4.540e-17
117.85	4.594e-17
117.90	4.604e-17
117.95	4.725e-17
118.00	4.982e-17
118.05	5.641e-17
118.10	6.498e-17
118.15	6.608e-17
118.20	6.182e-17
118.25	5.648e-17
118.30	5.448e-17
118.35	5.574e-17
118.40	5.930e-17
118.45	5.765e-17
118.50	5.279e-17
118.55	5.083e-17
118.60	4.891e-17
118.65	4.645e-17
118.70	4.459e-17
118.75	4.365e-17
118.80	4.277e-17
118.85	4.229e-17
118.90	4.256e-17
118.95	4.348e-17
119.00	4.349e-17
119.05	4.308e-17
119.10	4.293e-17
119.15	4.329e-17
119.20	4.408e-17
119.25	4.663e-17
119.30	5.302e-17
119.35	5.648e-17
119.40	5.290e-17
119.45	4.828e-17
119.50	4.452e-17
119.55	4.245e-17
119.60	4.114e-17
119.65	4.041e-17
119.70	3.982e-17
119.75	3.954e-17
119.80	3.930e-17
119.85	3.935e-17
119.90	3.944e-17
119.95	3.907e-17
120.00	3.860e-17
120.10	3.830e-17
120.20	3.817e-17
120.30	3.784e-17
120.40	3.730e-17
120.50	3.700e-17
120.60	3.691e-17
120.70	3.682e-17
120.80	3.677e-17
120.90	3.695e-17
121.00	3.664e-17
121.10	3.641e-17
121.20	3.629e-17
121.30	3.609e-17
121.40	3.614e-17
121.50	3.598e-17
121.60	3.578e-17
121.70	3.554e-17
121.80	3.550e-17
121.90	3.549e-17
122.00	3.548e-17
122.10	3.552e-17
122.20	3.568e-17
122.30	3.568e-17
122.40	3.586e-17
122.50	3.613e-17
122.60	3.614e-17
122.70	3.598e-17
122.80	3.564e-17
122.90	3.562e-17
123.00	3.556e-17
123.10	3.545e-17
123.20	3.573e-17
123.30	3.601e-17
123.40	3.601e-17
123.50	3.678e-17
123.60	3.616e-17
123.70	3.529e-17
123.80	3.485e-17
123.90	3.450e-17
124.00	3.424e-17
124.10	3.403e-17
124.20	3.392e-17
124.30	3.384e-17
124.40	3.371e-17
124.50	3.364e-17
124.60	3.358e-17
124.70	3.360e-17
124.80	3.363e-17
124.90	3.347e-17
125.00	3.308e-17
125.10	3.298e-17
125.20	3.305e-17
125.30	3.307e-17
125.40	3.302e-17
125.50	3.303e-17
125.60	3.309e-17
125.70	3.315e-17
125.80	3.289e-17
125.90	3.281e-17
126.00	3.254e-17
126.10	3.272e-17
126.20	3.317e-17
126.30	3.314e-17
126.40	3.310e-17
126.50	3.304e-17
126.60	3.273e-17
126.70	3.255e-17
126.80	3.271e-17
126.90	3.261e-17
127.00	3.257e-17
127.10	3.264e-17
127.20	3.331e-17
127.30	3.380e-17
127.40	3.391e-17
127.50	3.367e-17
127.60	3.347e-17
127.70	3.337e-17
127.80	3.350e-17
127.90	3.350e-17
128.00	3.346e-17
128.10	3.353e-17
128.20	3.353e-17
128.30	3.370e-17
128.40	3.377e-17
128.50	3.373e-17
128.60	3.381e-17
128.70	3.389e-17
128.80	3.375e-17
128.90	3.403e-17
129.00	3.480e-17
129.10	3.545e-17
129.20	3.609e-17
129.30	3.600e-17
129.40	3.558e-17
129.50	3.491e-17
129.60	3.504e-17
129.70	3.553e-17
129.80	3.552e-17
129.90	3.572e-17
130.00	3.689e-17
130.05	3.768e-17
130.10	3.828e-17
130.15	3.848e-17
130.20	3.838e-17
130.25	3.835e-17
130.30	3.823e-17
130.35	3.817e-17
130.40	3.786e-17
130.45	3.734e-17
130.50	3.645e-17
130.55	3.590e-17
130.60	3.565e-17
130.65	3.536e-17
130.70	3.517e-17
130.75	3.520e-17
130.80	3.555e-17
130.85	3.607e-17
130.90	3.652e-17
130.95	3.720e-17
131.00	3.807e-17
131.05	3.899e-17
131.10	3.958e-17
131.15	3.949e-17
131.20	3.924e-17
131.25	3.922e-17
131.30	3.917e-17
131.35	3.881e-17
131.40	3.833e-17
131.45	3.811e-17
131.50	3.797e-17
131.55	3.803e-17
131.60	3.834e-17
131.65	3.846e-17
131.70	3.815e-17
131.75	3.791e-17
131.80	3.789e-17
131.85	3.798e-17
131.90	3.826e-17
131.95	3.850e-17
132.00	3.888e-17
132.05	3.987e-17
132.10	4.074e-17
132.15	4.108e-17
132.20	4.168e-17
132.25	4.257e-17
132.30	4.267e-17
132.35	4.204e-17
132.40	4.118e-17
132.45	4.054e-17
132.50	4.045e-17
132.55	4.097e-17
132.60	4.207e-17
132.65	4.283e-17
132.70	4.241e-17
132.75	4.147e-17
132.80	4.079e-17
132.85	4.089e-17
132.90	4.111e-17
132.95	4.055e-17
133.00	3.966e-17
133.05	3.900e-17
133.10	3.812e-17
133.15	3.766e-17
133.20	3.768e-17
133.25	3.713e-17
133.30	3.584e-17
133.35	3.476e-17
133.40	3.409e-17
133.45	3.366e-17
133.50	3.343e-17
133.55	3.387e-17
133.60	3.452e-17
133.65	3.512e-17
133.70	3.522e-17
133.75	3.492e-17
133.80	3.413e-17
133.85	3.336e-17
133.90	3.276e-17
133.95	3.302e-17
134.00	3.454e-17
134.05	3.805e-17
134.10	4.165e-17
134.15	4.284e-17
134.20	4.215e-17
134.25	4.232e-17
134.30	4.124e-17
134.35	3.786e-17
134.40	3.439e-17
134.45	3.136e-17
134.50	3.001e-17
134.55	2.960e-17
134.60	2.875e-17
134.65	2.874e-17
134.70	2.974e-17
134.75	3.133e-17
134.80	3.227e-17
134.85	3.329e-17
134.90	3.345e-17
134.95	3.201e-17
135.00	3.098e-17
135.05	3.097e-17
135.10	3.039e-17
135.15	3.178e-17
135.20	3.534e-17
135.25	4.445e-17
135.30	5.576e-17
135.35	5.715e-17
135.40	5.100e-17
135.45	4.607e-17
135.50	4.178e-17
135.55	3.568e-17
135.60	3.034e-17
135.65	2.660e-17
135.70	2.569e-17
135.75	2.589e-17
135.80	2.524e-17
135.85	2.247e-17
135.90	2.155e-17
135.95	2.223e-17
136.00	2.314e-17
136.05	2.456e-17
136.10	2.676e-17
136.15	2.826e-17
136.20	2.493e-17
136.25	2.198e-17
136.30	2.165e-17
136.35	2.065e-17
136.40	2.030e-17
136.45	1.961e-17
136.50	2.063e-17
136.55	2.349e-17
136.60	2.612e-17
136.65	2.633e-17
136.70	2.253e-17
136.75	2.016e-17
136.80	1.962e-17
136.85	2.013e-17
136.90	1.828e-17
136.95	1.783e-17
137.00	1.822e-17
137.05	1.983e-17
137.10	2.076e-17
137.15	1.960e-17
137.20	1.903e-17
137.25	2.030e-17
137.30	2.366e-17
137.35	2.557e-17
137.40	2.121e-17
137.45	1.837e-17
137.50	1.939e-17
137.55	2.057e-17
137.60	1.943e-17
137.65	1.805e-17
137.70	1.654e-17
137.75	1.638e-17
137.80	1.636e-17
137.85	1.569e-17
137.90	1.550e-17
137.95	1.628e-17
138.00	1.504e-17
138.05	1.697e-17
138.10	1.757e-17
138.15	1.732e-17
138.20	1.803e-17
138.25	2.010e-17
138.30	2.246e-17
138.35	2.644e-17
138.40	2.771e-17
138.45	1.988e-17
138.50	1.797e-17
138.55	1.785e-17
138.60	1.967e-17
138.65	2.010e-17
138.70	2.136e-17
138.75	2.060e-17
138.80	2.183e-17
138.85	2.255e-17
138.90	2.079e-17
138.95	1.800e-17
139.00	1.729e-17
139.05	1.583e-17
139.10	1.490e-17
139.15	1.472e-17
139.20	1.561e-17
139.25	1.502e-17
139.30	1.430e-17
139.35	1.465e-17
139.40	1.548e-17
139.45	1.694e-17
139.50	1.607e-17
139.55	1.474e-17
139.60	1.485e-17
139.65	1.438e-17
139.70	1.450e-17
139.75	1.566e-17
139.80	1.922e-17
139.85	1.736e-17
139.90	2.475e-17
139.95	2.877e-17
140.00	3.336e-17
140.05	2.640e-17
140.10	2.277e-17
140.15	2.247e-17
140.20	2.145e-17
140.25	1.786e-17
140.30	1.472e-17
140.35	1.353e-17
140.40	1.367e-17
140.45	1.419e-17
140.50	1.648e-17
140.55	1.719e-17
140.60	1.468e-17
140.65	1.581e-17
140.70	1.905e-17
140.75	2.215e-17
140.80	2.428e-17
140.85	1.802e-17
140.90	1.469e-17
140.95	1.427e-17
141.00	1.356e-17
141.05	1.272e-17
141.10	1.417e-17
141.15	1.424e-17
141.20	1.310e-17
141.25	1.507e-17
141.30	1.570e-17
141.35	1.964e-17
141.40	1.987e-17
141.45	1.532e-17
141.50	1.345e-17
141.55	1.306e-17
141.60	1.266e-17
141.65	1.169e-17
141.70	1.159e-17
141.75	1.150e-17
141.80	1.136e-17
141.85	1.050e-17
141.90	1.005e-17
141.95	1.016e-17
142.00	1.014e-17
142.05	1.004e-17
142.10	9.770e-18
142.12	9.630e-18
142.14	9.440e-18
142.16	9.310e-18
142.18	9.270e-18
142.20	9.390e-18
142.22	9.540e-18
142.24	9.630e-18
142.26	9.640e-18
142.28	9.670e-18
142.30	9.850e-18
142.32	1.043e-17
142.34	1.119e-17
142.36	1.187e-17
142.38	1.231e-17
142.40	1.274e-17
142.42	1.410e-17
142.44	1.698e-17
142.46	2.022e-17
142.48	2.198e-17
142.50	2.079e-17
142.52	1.820e-17
142.54	1.626e-17
142.56	1.598e-17
142.58	1.711e-17
142.60	1.947e-17
142.62	2.305e-17
142.64	2.686e-17
142.66	2.835e-17
142.68	2.830e-17
142.70	3.056e-17
142.72	3.734e-17
142.74	4.418e-17
142.76	4.350e-17
142.78	3.621e-17
142.80	2.917e-17
142.82	2.448e-17
142.84	2.163e-17
142.86	2.036e-17
142.88	2.023e-17
142.90	2.087e-17
142.92	2.191e-17
142.94	2.243e-17
142.96	2.181e-17
142.98	2.013e-17
143.00	1.801e-17
143.02	1.641e-17
143.04	1.526e-17
143.06	1.465e-17
143.08	1.407e-17
143.10	1.359e-17
143.12	1.329e-17
143.14	1.316e-17
143.16	1.307e-17
143.18	1.283e-17
143.20	1.250e-17
143.22	1.240e-17
143.24	1.254e-17
143.26	1.275e-17
143.28	1.288e-17
143.30	1.296e-17
143.32	1.286e-17
143.34	1.247e-17
143.36	1.186e-17
143.38	1.130e-17
143.40	1.078e-17
143.45	1.027e-17
143.50	1.025e-17
143.55	9.910e-18
143.60	9.580e-18
143.65	9.650e-18
143.70	9.440e-18
143.75	1.034e-17
143.80	1.065e-17
143.85	1.015e-17
143.90	1.083e-17
143.95	1.225e-17
144.00	1.208e-17
144.05	1.262e-17
144.10	1.199e-17
144.15	1.130e-17
144.20	1.153e-17
144.25	1.379e-17
144.30	1.404e-17
144.35	1.940e-17
144.40	1.992e-17
144.45	1.525e-17
144.50	1.389e-17
144.55	1.519e-17
144.60	1.368e-17
144.65	1.137e-17
144.70	1.087e-17
144.75	1.097e-17
144.80	1.131e-17
144.85	9.800e-18
144.90	8.910e-18
144.95	8.850e-18
145.00	8.620e-18
145.05	8.160e-18
145.10	7.930e-18
145.15	7.850e-18
145.20	7.740e-18
145.25	8.360e-18
145.30	9.840e-18
145.35	1.098e-17
145.40	1.009e-17
145.45	1.017e-17
145.50	1.163e-17
145.55	1.220e-17
145.60	1.267e-17
145.65	1.466e-17
145.70	1.230e-17
145.75	1.023e-17
145.80	1.053e-17
145.82	1.072e-17
145.84	1.067e-17
145.86	1.054e-17
145.88	1.027e-17
145.90	1.050e-17
145.92	1.172e-17
145.94	1.437e-17
145.96	1.726e-17
145.98	1.887e-17
146.00	1.797e-17
146.02	1.575e-17
146.04	1.392e-17
146.06	1.262e-17
146.08	1.187e-17
146.10	1.164e-17
146.12	1.172e-17
146.14	1.203e-17
146.16	1.254e-17
146.18	1.305e-17
146.20	1.327e-17
146.22	1.338e-17
146.24	1.373e-17
146.26	1.445e-17
146.28	1.500e-17
146.30	1.475e-17
146.32	1.368e-17
146.34	1.241e-17
146.36	1.160e-17
146.38	1.125e-17
146.40	1.133e-17
146.42	1.164e-17
146.44	1.179e-17
146.46	1.178e-17
146.48	1.173e-17
146.50	1.193e-17
146.52	1.287e-17
146.54	1.496e-17
146.56	1.844e-17
146.58	2.178e-17
146.60	2.289e-17
146.62	2.148e-17
146.64	1.888e-17
146.66	1.640e-17
146.68	1.443e-17
146.70	1.294e-17
146.72	1.208e-17
146.74	1.174e-17
146.76	1.185e-17
146.78	1.220e-17
146.80	1.262e-17
146.82	1.275e-17
146.84	1.241e-17
146.86	1.165e-17
146.88	1.105e-17
146.90	1.057e-17
146.92	1.044e-17
146.94	1.063e-17
146.96	1.103e-17
146.98	1.146e-17
147.00	1.167e-17
147.05	1.056e-17
147.10	9.290e-18
147.15	8.680e-18
147.20	8.760e-18
147.25	8.840e-18
147.30	8.840e-18
147.35	9.010e-18
147.40	9.670e-18
147.45	1.141e-17
147.50	1.376e-17
147.55	1.622e-17
147.60	1.733e-17
147.62	1.761e-17
147.64	1.822e-17
147.66	2.019e-17
147.68	2.378e-17
147.70	2.786e-17
147.72	2.988e-17
147.74	2.791e-17
147.76	2.371e-17
147.78	1.986e-17
147.80	1.760e-17
147.82	1.681e-17
147.84	1.732e-17
147.86	1.899e-17
147.88	2.119e-17
147.90	2.272e-17
147.92	2.234e-17
147.94	2.076e-17
147.96	1.954e-17
147.98	1.992e-17
148.00	2.373e-17
148.02	3.142e-17
148.04	4.365e-17
148.06	5.388e-17
148.08	5.376e-17
148.10	4.425e-17
148.12	3.445e-17
148.14	2.741e-17
148.16	2.283e-17
148.18	2.015e-17
148.20	1.887e-17
148.22	1.891e-17
148.24	1.970e-17
148.26	2.099e-17
148.28	2.156e-17
148.30	2.065e-17
148.32	1.887e-17
148.34	1.749e-17
148.36	1.655e-17
148.38	1.566e-17
148.40	1.459e-17
148.45	1.188e-17
148.50	1.127e-17
148.55	1.197e-17
148.60	1.227e-17
148.65	1.066e-17
148.70	1.014e-17
148.75	9.800e-18
148.80	1.010e-17
148.85	9.750e-18
148.90	9.380e-18
148.95	9.120e-18
149.00	9.080e-18
149.05	9.190e-18
149.10	9.890e-18
149.15	9.980e-18
149.20	9.810e-18
149.25	9.030e-18
149.30	8.670e-18
149.35	9.080e-18
149.40	8.720e-18
149.45	8.080e-18
149.50	8.040e-18
149.55	8.130e-18
149.60	7.950e-18
149.65	7.710e-18
149.70	7.730e-18
149.75	7.950e-18
149.80	8.510e-18
149.85	9.740e-18
149.90	1.279e-17
149.95	1.340e-17
150.00	1.074e-17
150.05	9.430e-18
150.10	9.790e-18
150.15	9.910e-18
150.20	8.970e-18
150.25	8.470e-18
150.30	8.560e-18
150.35	8.840e-18
150.40	9.100e-18
150.45	9.980e-18
150.50	1.294e-17
150.55	1.655e-17
150.60	1.524e-17
150.65	1.171e-17
150.70	1.045e-17
150.75	1.111e-17
150.80	1.110e-17
150.85	1.008e-17
150.90	9.730e-18
150.95	1.020e-17
151.00	1.066e-17
151.05	1.029e-17
151.10	9.650e-18
151.15	9.480e-18
151.20	9.530e-18
151.25	9.270e-18
151.30	9.060e-18
151.35	9.540e-18
151.40	1.042e-17
151.45	1.052e-17
151.50	1.012e-17
151.55	9.870e-18
151.60	9.910e-18
151.65	1.013e-17
151.70	1.019e-17
151.72	1.019e-17
151.74	1.016e-17
151.76	1.019e-17
151.78	1.025e-17
151.80	1.039e-17
151.82	1.055e-17
151.84	1.067e-17
151.86	1.082e-17
151.88	1.087e-17
151.90	1.098e-17
151.92	1.121e-17
151.94	1.151e-17
151.96	1.196e-17
151.98	1.258e-17
152.00	1.323e-17
152.02	1.411e-17
152.04	1.533e-17
152.06	1.724e-17
152.08	2.121e-17
152.10	2.607e-17
152.12	3.210e-17
152.14	3.679e-17
152.16	3.753e-17
152.18	3.426e-17
152.20	2.837e-17
152.22	2.421e-17
152.24	2.060e-17
152.26	1.837e-17
152.28	1.716e-17
152.30	1.708e-17
152.32	1.776e-17
152.34	1.878e-17
152.36	1.923e-17
152.38	1.884e-17
152.40	1.778e-17
152.42	1.637e-17
152.44	1.506e-17
152.46	1.402e-17
152.48	1.338e-17
152.50	1.308e-17
152.52	1.308e-17
152.54	1.332e-17
152.56	1.364e-17
152.58	1.384e-17
152.60	1.372e-17
152.62	1.346e-17
152.64	1.307e-17
152.66	1.271e-17
152.68	1.239e-17
152.70	1.235e-17
152.75	1.244e-17
152.80	1.263e-17
152.85	1.230e-17
152.90	1.202e-17
152.95	1.215e-17
153.00	1.253e-17
153.05	1.251e-17
153.10	1.209e-17
153.15	1.187e-17
153.20	1.181e-17
153.25	1.177e-17
153.30	1.173e-17
153.35	1.194e-17
153.40	1.260e-17
153.45	1.272e-17
153.50	1.230e-17
153.55	1.220e-17
153.60	1.254e-17
153.65	1.311e-17
153.70	1.345e-17
153.75	1.338e-17
153.80	1.312e-17
153.85	1.298e-17
153.90	1.288e-17
153.95	1.275e-17
154.00	1.270e-17
154.05	1.271e-17
154.10	1.271e-17
154.15	1.267e-17
154.20	1.271e-17
154.25	1.274e-17
154.30	1.284e-17
154.35	1.292e-17
154.40	1.306e-17
154.45	1.319e-17
154.50	1.326e-17
154.55	1.335e-17
154.60	1.347e-17
154.65	1.364e-17
154.70	1.376e-17
154.75	1.386e-17
154.80	1.391e-17
154.85	1.396e-17
154.90	1.405e-17
154.95	1.416e-17
155.00	1.427e-17
155.05	1.446e-17
155.10	1.471e-17
155.15	1.507e-17
155.20	1.577e-17
155.25	1.689e-17
155.30	1.785e-17
155.35	1.766e-17
155.40	1.689e-17
155.45	1.650e-17
155.50	1.632e-17
155.55	1.604e-17
155.60	1.572e-17
155.65	1.547e-17
155.70	1.538e-17
155.75	1.535e-17
155.80	1.533e-17
155.85	1.537e-17
155.90	1.545e-17
155.95	1.556e-17
156.00	1.569e-17
156.05	1.581e-17
156.10	1.586e-17
156.15	1.586e-17
156.20	1.591e-17
156.25	1.597e-17
156.30	1.603e-17
156.35	1.610e-17
156.40	1.614e-17
156.45	1.617e-17
156.50	1.618e-17
156.55	1.621e-17
156.60	1.629e-17
156.65	1.640e-17
156.70	1.653e-17
156.75	1.663e-17
156.80	1.679e-17
156.85	1.690e-17
156.90	1.706e-17
156.95	1.727e-17
157.00	1.760e-17
157.05	1.788e-17
157.10	1.793e-17
157.15	1.785e-17
157.20	1.785e-17
157.25	1.791e-17
157.30	1.790e-17
157.35	1.789e-17
157.40	1.787e-17
157.45	1.791e-17
157.50	1.799e-17
157.55	1.806e-17
157.60	1.813e-17
157.65	1.824e-17
157.70	1.834e-17
157.75	1.843e-17
157.80	1.848e-17
157.85	1.856e-17
157.90	1.858e-17
157.95	1.865e-17
158.00	1.872e-17
158.05	1.878e-17
158.10	1.885e-17
158.15	1.897e-17
158.20	1.910e-17
158.25	1.925e-17
158.30	1.946e-17
158.35	1.967e-17
158.40	1.986e-17
158.45	2.005e-17
158.50	2.025e-17
158.55	2.040e-17
158.60	2.050e-17
158.65	2.055e-17
158.70	2.065e-17
158.75	2.071e-17
158.80	2.081e-17
158.85	2.088e-17
158.90	2.097e-17
158.95	2.105e-17
159.00	2.117e-17
159.05	2.129e-17
159.10	2.139e-17
159.15	2.155e-17
159.20	2.175e-17
159.25	2.192e-17
159.30	2.204e-17
159.35	2.215e-17
159.40	2.216e-17
159.45	2.212e-17
159.50	2.206e-17
159.55	2.201e-17
159.60	2.198e-17
159.65	2.198e-17
159.70	2.204e-17
159.75	2.212e-17
159.80	2.217e-17
159.85	2.228e-17
159.90	2.239e-17
159.95	2.256e-17
160.00	2.270e-17
160.05	2.290e-17
160.10	2.309e-17
160.15	2.330e-17
160.20	2.346e-17
160.25	2.363e-17
160.30	2.371e-17
160.35	2.378e-17
160.40	2.384e-17
160.45	2.393e-17
160.50	2.406e-17
160.55	2.419e-17
160.60	2.440e-17
160.65	2.462e-17
160.70	2.492e-17
160.75	2.529e-17
160.80	2.567e-17
160.85	2.609e-17
160.90	2.650e-17
160.95	2.691e-17
161.00	2.714e-17
161.05	2.724e-17
161.10	2.714e-17
161.15	2.693e-17
161.20	2.668e-17
161.25	2.647e-17
161.30	2.629e-17
161.35	2.624e-17
161.40	2.627e-17
161.45	2.638e-17
161.50	2.656e-17
161.55	2.685e-17
161.60	2.716e-17
161.65	2.758e-17
161.70	2.802e-17
161.75	2.842e-17
161.80	2.871e-17
161.85	2.875e-17
161.90	2.858e-17
161.95	2.825e-17
162.00	2.796e-17
162.05	2.766e-17
162.10	2.742e-17
162.15	2.720e-17
162.20	2.708e-17
162.25	2.703e-17
162.30	2.704e-17
162.35	2.711e-17
162.40	2.719e-17
162.45	2.732e-17
162.50	2.754e-17
162.55	2.783e-17
162.60	2.819e-17
162.65	2.857e-17
162.70	2.889e-17
162.75	2.921e-17
162.80	2.948e-17
162.85	2.966e-17
162.90	2.976e-17
162.95	2.983e-17
163.00	2.993e-17
163.05	3.011e-17
163.10	3.034e-17
163.15	3.064e-17
163.20	3.105e-17
163.25	3.159e-17
163.30	3.223e-17
163.35	3.305e-17
163.40	3.398e-17
163.45	3.482e-17
163.50	3.551e-17
163.55	3.589e-17
163.60	3.584e-17
163.65	3.541e-17
163.70	3.471e-17
163.75	3.392e-17
163.80	3.308e-17
163.85	3.222e-17
163.90	3.152e-17
163.95	3.098e-17
164.00	3.059e-17
164.05	3.025e-17
164.10	2.992e-17
164.15	2.978e-17
164.20	2.966e-17
164.25	2.960e-17
164.30	2.958e-17
164.35	2.961e-17
164.40	2.966e-17
164.45	2.975e-17
164.50	2.982e-17
164.55	2.979e-17
164.60	2.969e-17
164.65	2.954e-17
164.70	2.939e-17
164.75	2.934e-17
164.80	2.936e-17
164.85	2.947e-17
164.90	2.959e-17
164.95	2.973e-17
165.00	2.996e-17
165.05	3.027e-17
165.10	3.071e-17
165.15	3.127e-17
165.20	3.190e-17
165.25	3.238e-17
165.30	3.283e-17
165.35	3.314e-17
165.40	3.348e-17
165.45	3.376e-17
165.50	3.393e-17
165.55	3.396e-17
165.60	3.382e-17
165.65	3.349e-17
165.70	3.318e-17
165.75	3.287e-17
165.80	3.260e-17
165.85	3.241e-17
165.90	3.220e-17
165.95	3.205e-17
166.00	3.212e-17
166.05	3.231e-17
166.10	3.261e-17
166.15	3.294e-17
166.20	3.328e-17
166.25	3.359e-17
166.30	3.378e-17
166.35	3.385e-17
166.40	3.407e-17
166.45	3.445e-17
166.50	3.489e-17
166.55	3.536e-17
166.60	3.582e-17
166.65	3.612e-17
166.70	3.639e-17
166.75	3.678e-17
166.80	3.736e-17
166.85	3.791e-17
166.90	3.824e-17
166.95	3.864e-17
167.00	3.920e-17
167.05	3.966e-17
167.10	3.996e-17
167.15	4.014e-17
167.20	4.017e-17
167.25	4.011e-17
167.30	3.987e-17
167.35	3.950e-17
167.40	3.926e-17
167.45	3.913e-17
167.50	3.921e-17
167.55	3.939e-17
167.60	3.950e-17
167.65	3.947e-17
167.70	3.962e-17
167.75	4.009e-17
167.80	4.059e-17
167.85	4.087e-17
167.90	4.086e-17
167.95	4.104e-17
168.00	4.177e-17
168.05	4.273e-17
168.10	4.345e-17
168.15	4.365e-17
168.20	4.369e-17
168.25	4.382e-17
168.30	4.408e-17
168.35	4.421e-17
168.40	4.429e-17
168.45	4.434e-17
168.50	4.430e-17
168.55	4.447e-17
168.60	4.470e-17
168.65	4.509e-17
168.70	4.560e-17
168.75	4.636e-17
168.80	4.748e-17
168.85	4.864e-17
168.90	4.955e-17
168.95	4.990e-17
169.00	5.009e-17
169.05	5.054e-17
169.10	5.122e-17
169.15	5.209e-17
169.20	5.270e-17
169.25	5.296e-17
169.30	5.330e-17
169.35	5.383e-17
169.40	5.442e-17
169.45	5.502e-17
169.50	5.573e-17
169.55	5.601e-17
169.60	5.591e-17
169.65	5.594e-17
169.70	5.641e-17
169.75	5.709e-17
169.80	5.763e-17
169.85	5.785e-17
169.90	5.811e-17
169.95	5.845e-17
170.00	5.865e-17
170.05	5.874e-17
170.10	5.853e-17
170.15	5.829e-17
170.20	5.834e-17
170.25	5.878e-17
170.30	5.925e-17
170.35	5.947e-17
170.40	5.927e-17
170.45	5.922e-17
170.50	6.001e-17
170.55	6.139e-17
170.60	6.289e-17
170.65	6.367e-17
170.70	6.366e-17
170.75	6.396e-17
170.80	6.490e-17
170.85	6.620e-17
170.90	6.701e-17
170.95	6.776e-17
171.00	6.871e-17
171.05	6.962e-17
171.10	7.015e-17
171.15	7.072e-17
171.20	7.145e-17
171.25	7.235e-17
171.30	7.332e-17
171.35	7.447e-17
171.40	7.600e-17
171.45	7.769e-17
171.50	7.974e-17
171.55	8.163e-17
171.60	8.419e-17
171.65	8.740e-17
171.70	8.967e-17
171.75	8.991e-17
171.80	8.882e-17
171.85	8.847e-17
171.90	8.939e-17
171.95	9.069e-17
172.00	9.160e-17
172.05	9.219e-17
172.10	9.314e-17
172.15	9.419e-17
172.20	9.458e-17
172.25	9.441e-17
172.30	9.444e-17
172.35	9.503e-17
172.40	9.592e-17
172.45	9.659e-17
172.50	9.706e-17
172.55	9.773e-17
172.60	9.818e-17
172.65	9.864e-17
172.70	9.952e-17
172.75	1.011e-16
172.80	1.020e-16
172.85	1.032e-16
172.90	1.047e-16
172.95	1.049e-16
173.00	1.045e-16
173.05	1.049e-16
173.10	1.061e-16
173.15	1.073e-16
173.20	1.077e-16
173.25	1.071e-16
173.30	1.065e-16
173.35	1.065e-16
173.40	1.092e-16
173.45	1.159e-16
173.50	1.214e-16
173.55	1.192e-16
173.60	1.147e-16
173.65	1.140e-16
173.70	1.169e-16
173.75	1.201e-16
173.80	1.201e-16
173.85	1.188e-16
173.90	1.182e-16
173.95	1.191e-16
174.00	1.210e-16
174.05	1.226e-16
174.10	1.240e-16
174.15	1.256e-16
174.20	1.279e-16
174.25	1.301e-16
174.30	1.326e-16
174.35	1.352e-16
174.40	1.378e-16
174.45	1.403e-16
174.50	1.433e-16
174.55	1.465e-16
174.60	1.509e-16
174.65	1.543e-16
174.70	1.562e-16
174.75	1.583e-16
174.80	1.618e-16
174.85	1.652e-16
174.90	1.675e-16
174.95	1.694e-16
175.00	1.721e-16
175.05	1.755e-16
175.10	1.773e-16
175.15	1.776e-16
175.20	1.784e-16
175.25	1.805e-16
175.30	1.828e-16
175.35	1.851e-16
175.40	1.866e-16
175.45	1.875e-16
175.50	1.874e-16
175.55	1.857e-16
175.60	1.853e-16
175.65	1.874e-16
175.70	1.904e-16
175.75	1.956e-16
175.80	2.071e-16
175.85	2.209e-16
175.90	2.196e-16
175.95	2.081e-16
176.00	2.009e-16
176.05	1.983e-16
176.10	1.999e-16
176.15	1.995e-16
176.20	1.943e-16
176.25	1.901e-16
176.30	1.896e-16
176.35	1.916e-16
176.40	1.946e-16
176.45	1.972e-16
176.50	2.014e-16
176.55	2.130e-16
176.60	2.307e-16
176.65	2.349e-16
176.70	2.238e-16
176.75	2.155e-16
176.80	2.136e-16
176.85	2.177e-16
176.90	2.236e-16
176.95	2.254e-16
177.00	2.237e-16
177.05	2.227e-16
177.10	2.239e-16
177.15	2.267e-16
177.20	2.310e-16
177.25	2.349e-16
177.30	2.380e-16
177.35	2.395e-16
177.40	2.411e-16
177.45	2.435e-16
177.50	2.462e-16
177.55	2.483e-16
177.60	2.501e-16
177.65	2.512e-16
177.70	2.526e-16
177.75	2.541e-16
177.80	2.555e-16
177.85	2.568e-16
177.90	2.582e-16
177.95	2.595e-16
178.00	2.612e-16
178.05	2.625e-16
178.10	2.631e-16
178.15	2.629e-16
178.20	2.625e-16
178.25	2.618e-16
178.30	2.607e-16
178.35	2.593e-16
178.40	2.572e-16
178.45	2.553e-16
178.50	2.532e-16
178.52	2.523e-16
178.54	2.516e-16
178.56	2.510e-16
178.58	2.503e-16
178.60	2.503e-16
178.62	2.499e-16
178.64	2.498e-16
178.66	2.500e-16
178.68	2.502e-16
178.70	2.510e-16
178.72	2.523e-16
178.74	2.544e-16
178.76	2.580e-16
178.78	2.633e-16
178.80	2.718e-16
178.82	2.862e-16
178.84	3.065e-16
178.86	3.331e-16
178.88	3.656e-16
178.90	3.916e-16
178.92	4.057e-16
178.94	4.029e-16
178.96	3.863e-16
178.98	3.615e-16
179.00	3.372e-16
179.02	3.145e-16
179.04	2.987e-16
179.06	2.849e-16
179.08	2.752e-16
179.10	2.697e-16
179.12	2.679e-16
179.14	2.696e-16
179.16	2.732e-16
179.18	2.776e-16
179.20	2.807e-16
179.22	2.806e-16
179.24	2.766e-16
179.26	2.700e-16
179.28	2.630e-16
179.30	2.555e-16
179.32	2.494e-16
179.34	2.446e-16
179.36	2.408e-16
179.38	2.382e-16
179.40	2.357e-16
179.45	2.353e-16
179.50	2.360e-16
179.55	2.340e-16
179.60	2.305e-16
179.65	2.280e-16
179.70	2.275e-16
179.75	2.282e-16
179.80	2.270e-16
179.85	2.239e-16
179.90	2.215e-16
179.95	2.203e-16
180.00	2.202e-16
180.05	2.208e-16
180.10	2.210e-16
180.15	2.210e-16
180.20	2.214e-16
180.25	2.232e-16
180.30	2.262e-16
180.35	2.283e-16
180.40	2.274e-16
180.45	2.253e-16
180.50	2.239e-16
180.55	2.226e-16
180.60	2.216e-16
180.65	2.195e-16
180.70	2.165e-16
180.75	2.125e-16
180.80	2.084e-16
180.85	2.046e-16
180.90	2.011e-16
180.95	1.980e-16
181.00	1.947e-16
181.05	1.917e-16
181.10	1.885e-16
181.15	1.853e-16
181.20	1.819e-16
181.25	1.782e-16
181.30	1.743e-16
181.35	1.701e-16
181.40	1.653e-16
181.45	1.604e-16
181.50	1.549e-16
181.55	1.498e-16
181.60	1.447e-16
181.65	1.403e-16
181.70	1.359e-16
181.75	1.317e-16
181.80	1.283e-16
181.85	1.250e-16
181.90	1.219e-16
181.95	1.191e-16
182.00	1.168e-16
182.05	1.144e-16
182.10	1.125e-16
182.15	1.105e-16
182.20	1.086e-16
182.25	1.066e-16
182.30	1.046e-16
182.35	1.026e-16
182.40	1.007e-16
182.45	9.874e-17
182.50	9.703e-17
182.55	9.533e-17
182.60	9.384e-17
182.65	9.242e-17
182.70	9.127e-17
182.75	8.986e-17
182.80	8.823e-17
182.85	8.607e-17
182.90	8.395e-17
182.95	8.138e-17
183.00	7.847e-17
183.05	7.554e-17
183.10	7.284e-17
183.15	7.018e-17
183.20	6.779e-17
183.25	6.566e-17
183.30	6.374e-17
183.35	6.224e-17
183.40	6.057e-17
183.45	5.917e-17
183.50	5.791e-17
183.55	5.676e-17
183.60	5.569e-17
183.65	5.451e-17
183.70	5.358e-17
183.75	5.247e-17
183.80	5.147e-17
183.85	5.026e-17
183.90	4.892e-17
183.95	4.764e-17
184.00	4.613e-17
184.05	4.461e-17
184.10	4.311e-17
184.15	4.182e-17
184.20	4.014e-17
184.25	3.906e-17
184.30	3.791e-17
184.35	3.683e-17
184.40	3.584e-17
184.45	3.480e-17
184.50	3.386e-17
184.55	3.282e-17
184.60	3.207e-17
184.65	3.121e-17
184.70	3.070e-17
184.75	3.017e-17
184.80	2.971e-17
184.85	2.942e-17
184.90	2.907e-17
184.95	2.874e-17
185.00	2.827e-17
185.05	2.780e-17
185.10	2.734e-17
185.15	2.682e-17
185.20	2.637e-17
185.25	2.587e-17
185.30	2.542e-17
185.35	2.491e-17
185.40	2.446e-17
185.45	2.406e-17
185.50	2.366e-17
185.55	2.330e-17
185.60	2.297e-17
185.65	2.263e-17
185.70	2.233e-17
185.75	2.205e-17
185.80	2.180e-17
185.85	2.163e-17
185.90	2.145e-17
185.95	2.135e-17
186.00	2.130e-17
186.05	2.121e-17
186.10	2.115e-17
186.15	2.108e-17
186.20	2.095e-17
186.25	2.080e-17
186.30	2.065e-17
186.35	2.041e-17
186.40	2.017e-17
186.45	1.989e-17
186.50	1.955e-17
186.55	1.925e-17
186.60	1.892e-17
186.65	1.859e-17
186.70	1.832e-17
186.75	1.809e-17
186.80	1.784e-17
186.85	1.761e-17
186.90	1.742e-17
186.95	1.726e-17
187.00	1.708e-17
187.05	1.693e-17
187.10	1.673e-17
187.15	1.653e-17
187.20	1.633e-17
187.25	1.615e-17
187.30	1.598e-17
187.35	1.591e-17
187.40	1.589e-17
187.45	1.595e-17
187.50	1.604e-17
187.55	1.621e-17
187.60	1.643e-17
187.65	1.661e-17
187.70	1.675e-17
187.75	1.686e-17
187.80	1.696e-17
187.85	1.703e-17
187.90	1.703e-17
187.95	1.704e-17
188.00	1.698e-17
188.05	1.687e-17
188.10	1.673e-17
188.15	1.659e-17
188.20	1.642e-17
188.25	1.630e-17
188.30	1.618e-17
188.35	1.615e-17
188.40	1.613e-17
188.45	1.621e-17
188.50	1.631e-17
188.55	1.647e-17
188.60	1.671e-17
188.65	1.697e-17
188.70	1.720e-17
188.75	1.737e-17
188.80	1.749e-17
188.85	1.760e-17
188.90	1.769e-17
188.95	1.778e-17
189.00	1.781e-17
189.05	1.784e-17
189.10	1.784e-17
189.15	1.772e-17
189.20	1.765e-17
189.25	1.753e-17
189.30	1.739e-17
189.35	1.726e-17
189.40	1.715e-17
189.45	1.704e-17
189.50	1.697e-17
189.55	1.693e-17
189.60	1.690e-17
189.65	1.695e-17
189.70	1.702e-17
189.75	1.714e-17
189.80	1.717e-17
189.85	1.724e-17
189.90	1.721e-17
189.95	1.720e-17
190.00	1.715e-17
190.05	1.714e-17
190.10	1.706e-17
190.15	1.705e-17
190.20	1.706e-17
190.25	1.712e-17
190.30	1.721e-17
190.35	1.734e-17
190.40	1.749e-17
190.45	1.757e-17
190.50	1.765e-17
190.55	1.761e-17
190.60	1.747e-17
190.65	1.726e-17
190.70	1.706e-17
190.75	1.680e-17
190.80	1.655e-17
190.85	1.631e-17
190.90	1.608e-17
190.95	1.589e-17
191.00	1.569e-17
191.05	1.554e-17
191.10	1.541e-17
191.15	1.530e-17
191.20	1.523e-17
191.25	1.516e-17
191.30	1.508e-17
191.35	1.505e-17
191.40	1.505e-17
191.45	1.500e-17
191.50	1.502e-17
191.55	1.503e-17
191.60	1.505e-17
191.65	1.510e-17
191.70	1.518e-17
191.75	1.528e-17
191.80	1.545e-17
191.85	1.564e-17
191.90	1.585e-17
191.95	1.608e-17
192.00	1.627e-17
192.05	1.646e-17
192.10	1.660e-17
192.15	1.677e-17
192.20	1.691e-17
192.25	1.695e-17
192.30	1.706e-17
192.35	1.714e-17
192.40	1.723e-17
192.45	1.733e-17
192.50	1.744e-17
192.55	1.757e-17
192.60	1.767e-17
192.65	1.781e-17
192.70	1.795e-17
192.75	1.807e-17
192.80	1.822e-17
192.85	1.828e-17
192.90	1.835e-17
192.95	1.842e-17
193.00	1.841e-17
193.05	1.843e-17
193.10	1.836e-17
193.15	1.834e-17
193.20	1.831e-17
193.25	1.827e-17
193.30	1.821e-17
193.35	1.820e-17
193.40	1.815e-17
193.45	1.810e-17
193.50	1.801e-17
193.55	1.786e-17
193.60	1.772e-17
193.65	1.754e-17
193.70	1.740e-17
193.75	1.723e-17
193.80	1.708e-17
193.85	1.693e-17
193.90	1.682e-17
193.95	1.669e-17
194.00	1.658e-17
194.05	1.649e-17
194.10	1.634e-17
194.15	1.625e-17
194.20	1.617e-17
194.25	1.610e-17
194.30	1.607e-17
194.35	1.608e-17
194.40	1.616e-17
194.45	1.626e-17
194.50	1.643e-17
194.55	1.656e-17
194.60	1.671e-17
194.65	1.681e-17
194.70	1.686e-17
194.75	1.695e-17
194.80	1.703e-17
194.85	1.711e-17
194.90	1.716e-17
194.95	1.727e-17
195.00	1.736e-17
195.10	1.759e-17
195.20	1.785e-17
195.30	1.814e-17
195.40	1.842e-17
195.50	1.874e-17
195.60	1.912e-17
195.70	1.957e-17
195.80	2.008e-17
195.90	2.056e-17
196.00	2.094e-17
196.10	2.121e-17
196.20	2.146e-17
196.30	2.166e-17
196.40	2.187e-17
196.50	2.205e-17
196.60	2.218e-17
196.70	2.217e-17
196.80	2.206e-17
196.90	2.184e-17
197.00	2.155e-17
197.10	2.120e-17
197.20	2.073e-17
197.30	2.027e-17
197.40	1.999e-17
197.50	1.987e-17
197.60	1.978e-17
197.70	1.974e-17
197.80	1.968e-17
197.90	1.961e-17
198.00	1.955e-17
198.10	1.944e-17
198.20	1.932e-17
198.30	1.925e-17
198.40	1.923e-17
198.50	1.931e-17
198.60	1.950e-17
198.70	1.982e-17
198.80	2.020e-17
198.90	2.055e-17
199.00	2.087e-17
199.10	2.110e-17
199.20	2.134e-17
199.30	2.165e-17
199.40	2.207e-17
199.50	2.251e-17
199.60	2.288e-17
199.70	2.314e-17
199.80	2.332e-17
199.90	2.349e-17
200.00	2.370e-17
200.10	2.391e-17
200.20	2.411e-17
200.30	2.417e-17
200.40	2.399e-17
200.50	2.358e-17
200.60	2.305e-17
200.70	2.246e-17
200.80	2.192e-17
200.90	2.137e-17
201.00	2.083e-17
201.10	2.027e-17
201.20	1.979e-17
201.30	1.935e-17
201.40	1.896e-17
201.50	1.857e-17
201.60	1.822e-17
201.70	1.779e-17
201.80	1.739e-17
201.90	1.703e-17
202.00	1.673e-17
202.10	1.650e-17
202.20	1.639e-17
202.30	1.636e-17
202.40	1.644e-17
202.50	1.656e-17
202.60	1.674e-17
202.70	1.688e-17
202.80	1.687e-17
202.90	1.679e-17
203.00	1.667e-17
203.10	1.664e-17
203.20	1.673e-17
203.30	1.687e-17
203.40	1.692e-17
203.50	1.690e-17
203.60	1.678e-17
203.70	1.670e-17
203.80	1.665e-17
203.90	1.667e-17
204.00	1.667e-17
204.10	1.655e-17
204.20	1.620e-17
204.30	1.561e-17
204.40	1.489e-17
204.50	1.410e-17
204.60	1.338e-17
204.70	1.268e-17
204.80	1.206e-17
204.90	1.145e-17
205.00	1.092e-17
205.10	1.041e-17
205.20	9.92e-18
205.30	9.41e-18
205.40	8.89e-18
205.50	8.31e-18
205.60	7.72e-18
205.70	7.11e-18
205.80	6.54e-18
205.90	6.00e-18
206.00	5.50e-18
206.10	5.02e-18
206.20	4.58e-18
206.30	4.17e-18
206.40	3.82e-18
206.50	3.50e-18
206.60	3.23e-18
206.70	2.98e-18
206.80	2.78e-18
206.90	2.59e-18
207.00	2.41e-18
207.10	2.27e-18
207.20	2.13e-18
207.30	2.01e-18
207.40	1.90e-18
207.50	1.80e-18
207.60	1.71e-18
207.70	1.63e-18
207.80	1.55e-18
207.90	1.48e-18
208.00	1.41e-18
208.10	1.34e-18
208.20	1.27e-18
208.30	1.21e-18
208.40	1.15e-18
208.50	1.09e-18
208.60	1.03e-18
208.70	9.7e-19
208.80	9.1e-19
208.90	8.6e-19
209.00	8.0e-19
209.10	7.5e-19
209.20	7.0e-19
209.30	6.6e-19
209.40	6.1e-19
209.50	5.7e-19
209.60	5.4e-19
209.70	5.1e-19
209.80	4.8e-19
209.90	4.5e-19
210.00	4.3e-19
210.10	4.0e-19
210.20	3.7e-19
210.30	3.5e-19
210.40	3.2e-19
210.50	3.0e-19
210.60	2.8e-19
210.70	2.6e-19
210.80	2.5e-19
210.90	2.3e-19
211.00	2.2e-19
211.10	2.1e-19
211.20	2.0e-19
211.30	1.9e-19
211.40	1.8e-19
211.50	1.7e-19
211.60	1.6e-19
211.70	1.5e-19
211.80	1.4e-19
211.90	1.3e-19
212.00	1.2e-19
212.10	1.1e-19
212.20	1.1e-19
212.30	1.0e-19
212.40	9.0e-20
212.50	9.0e-20
212.60	8.0e-20
212.70	8.0e-20
212.80	7.0e-20
212.90	7.0e-20
213.00	7.0e-20
213.10	7.0e-20
213.20	6.0e-20
213.30	6.0e-20
213.40	6.0e-20
213.50	5.0e-20
213.60	5.0e-20
213.70	4.0e-20
213.80	4.0e-20
213.90	4.0e-20
214.00	3.0e-20
214.10	4.0e-20
214.20	3.0e-20
214.30	3.0e-20
214.40	3.0e-20
214.50	2.0e-20
214.60	2.0e-20
214.70	2.0e-20
214.80	2.0e-20
214.90	2.0e-20
215.00	2.0e-20
215.10	2.0e-20
215.20	2.0e-20
215.30	1.0e-20
215.40	2.0e-20
215.50	1.0e-20
215.60	1.0e-20
215.70	1.0e-20
215.80	1.0e-20
215.90	1.0e-20
216.00	1.0e-20
216.10	1.0e-20
216.20	1.0e-20
216.30	1.0e-20
216.40	1.0e-20
216.50	1.0e-20
216.60	1.0e-20
216.70	1.0e-20
216.80	1.0e-20
216.90	1.0e-20
217.00	1.0e-20
217.10	1.0e-20
217.20	1.0e-20
217.30	1.0e-20
217.40	1.0e-20
217.50	1.0e-20
217.60	1.0e-20
217.70	1.0e-20
217.80	1.0e-20
217.90	1.0e-20
218.00	1.0e-20
218.10	1.0e-20
218.20	1.0e-20
218.30	1.0e-20
218.40	1.0e-20
218.50	2.0e-20
218.60	1.0e-20
218.70	1.0e-20
218.80	1.0e-20
218.90	1.0e-20
219.00	1.0e-20
219.10	1.0e-20
219.20	1.0e-20
219.30	1.0e-20
219.40	1.0e-20
219.50	0.00
219.60	1.0e-20
219.70	1.0e-20
219.80	1.0e-20
219.90	1.0e-20
220.00	1.0e-20
220.10	1.0e-20
220.20	1.0e-20
220.30	1.0e-20
220.40	1.0e-20
220.50	1.0e-20
220.60	1.0e-20
220.70	1.0e-20
220.80	1.0e-20
220.90	1.0e-20
221.00	1.0e-20
221.10	1.0e-20
221.20	1.0e-20
221.30	1.0e-20
221.40	1.0e-20
221.50	1.0e-20
221.60	1.0e-20
221.70	1.0e-20
221.80	2.0e-20
221.90	2.0e-20
222.00	2.0e-20
222.10	2.0e-20
222.20	2.0e-20
222.30	1.0e-20
222.40	1.0e-20
222.50	2.0e-20
222.60	1.0e-20
222.70	1.0e-20
222.80	2.0e-20
222.90	3.0e-20
223.00	3.0e-20
223.10	2.0e-20
223.20	1.0e-20
223.30	1.0e-20
223.40	1.0e-20
223.50	2.0e-20
223.60	2.0e-20
223.70	2.0e-20
223.80	2.0e-20
223.90	1.0e-20
224.00	1.0e-20
224.10	2.0e-20
224.20	2.0e-20
224.30	2.0e-20
224.40	2.0e-20
224.50	2.0e-20
224.60	2.0e-20
224.70	2.0e-20
224.80	3.0e-20
224.90	2.0e-20
225.00	2.0e-20
225.05	2.0e-20
225.10	2.0e-20
225.15	2.0e-20
225.20	2.0e-20
225.25	2.0e-20
225.30	2.0e-20
225.35	2.0e-20
225.40	2.0e-20
225.45	2.0e-20
225.50	2.0e-20
225.55	2.0e-20
225.60	2.0e-20
225.65	2.0e-20
225.70	2.0e-20
225.75	2.0e-20
225.80	2.0e-20
225.85	2.0e-20
225.90	2.0e-20
225.95	2.0e-20
226.00	2.0e-20
226.05	2.0e-20
226.10	2.0e-20
226.15	2.0e-20
226.20	2.0e-20
226.25	2.0e-20
226.30	2.0e-20
226.35	2.0e-20
226.40	3.0e-20
226.45	3.0e-20
226.50	4.0e-20
226.55	4.0e-20
226.60	4.0e-20
226.65	4.0e-20
226.70	4.0e-20
226.75	3.0e-20
226.80	3.0e-20
226.85	3.0e-20
226.90	3.0e-20
226.95	3.0e-20
227.00	3.0e-20
227.05	3.0e-20
227.10	3.0e-20
227.15	3.0e-20
227.20	3.0e-20
227.25	3.0e-20
227.30	3.0e-20
227.35	3.0e-20
227.40	3.0e-20
227.45	3.0e-20
227.50	5.0e-20
227.55	5.0e-20
227.60	7.0e-20
227.65	8.0e-20
227.70	7.0e-20
227.75	5.0e-20
227.80	4.0e-20
227.85	3.0e-20
227.90	3.0e-20
227.95	3.0e-20
228.00	3.0e-20
228.05	3.0e-20
228.10	3.0e-20
228.15	3.0e-20
228.20	3.0e-20
228.25	4.0e-20
228.30	4.0e-20
228.35	4.0e-20
228.40	4.0e-20
228.45	4.0e-20
228.50	4.0e-20
228.55	4.0e-20
228.60	3.0e-20
228.65	3.0e-20
228.70	3.0e-20
228.75	4.0e-20
228.80	4.0e-20
228.85	4.0e-20
228.90	4.0e-20
228.95	4.0e-20
229.00	4.0e-20
229.05	3.0e-20
229.10	3.0e-20
229.15	3.0e-20
229.20	3.0e-20
229.25	3.0e-20
229.30	3.0e-20
229.35	3.0e-20
229.40	3.0e-20
229.45	4.0e-20
229.50	6.0e-20
229.55	5.0e-20
229.60	5.0e-20
229.65	4.0e-20
229.70	4.0e-20
229.75	4.0e-20
229.80	4.0e-20
229.85	4.0e-20
229.90	3.0e-20
229.95	3.0e-20
230.00	4.0e-20
230.05	4.0e-20
230.10	5.0e-20
230.15	5.0e-20
230.20	4.0e-20
230.25	4.0e-20
230.30	3.0e-20
230.35	4.0e-20
230.40	4.0e-20
230.45	3.0e-20
230.50	3.0e-20
230.55	3.0e-20
230.60	3.0e-20
230.65	3.0e-20
230.70	3.0e-20
230.75	3.0e-20
230.80	4.0e-20
230.85	4.0e-20
230.90	4.0e-20
230.95	4.0e-20
231.00	4.0e-20
231.05	4.0e-20
231.10	4.0e-20
231.15	4.0e-20
231.20	5.0e-20
231.25	7.0e-20
231.30	7.0e-20
231.35	1.1e-19
231.40	1.2e-19
231.45	1.2e-19
231.50	1.0e-19
231.55	8.0e-20
231.60	7.0e-20
231.65	5.0e-20
231.70	5.0e-20
231.75	4.0e-20
231.80	5.0e-20
231.85	5.0e-20
231.90	6.0e-20
231.95	6.0e-20
232.00	6.0e-20
232.05	5.0e-20
232.10	5.0e-20
232.15	5.0e-20
232.20	5.0e-20
232.25	6.0e-20
232.30	6.0e-20
232.35	8.0e-20
232.40	8.0e-20
232.45	1.2e-19
232.50	1.8e-19
232.55	1.5e-19
232.60	1.1e-19
232.65	8.0e-20
232.70	7.0e-20
232.75	6.0e-20
232.80	6.0e-20
232.85	6.0e-20
232.90	6.0e-20
232.95	6.0e-20
233.00	6.0e-20
233.05	6.0e-20
233.10	7.0e-20
233.15	7.0e-20
233.20	7.0e-20
233.25	7.0e-20
233.30	6.0e-20
233.35	8.0e-20
233.40	8.0e-20
233.45	7.0e-20
233.50	6.0e-20
233.55	6.0e-20
233.60	7.0e-20
233.65	7.0e-20
233.70	7.0e-20
233.75	7.0e-20
233.80	7.0e-20
233.85	7.0e-20
233.90	6.0e-20
233.95	6.0e-20
234.00	6.0e-20
234.05	5.0e-20
234.10	5.0e-20
234.15	5.0e-20
234.20	5.0e-20
234.25	5.0e-20
234.30	5.0e-20
234.35	6.0e-20
234.40	9.0e-20
234.45	8.0e-20
234.50	7.0e-20
234.55	7.0e-20
234.60	7.0e-20
234.65	6.0e-20
234.70	6.0e-20
234.75	6.0e-20
234.80	6.0e-20
234.85	5.0e-20
234.90	5.0e-20
234.95	6.0e-20
235.00	7.0e-20
235.05	8.0e-20
235.10	8.0e-20
235.15	8.0e-20
235.20	7.0e-20
235.25	6.0e-20
235.30	6.0e-20
235.35	5.0e-20
235.40	5.0e-20
235.45	5.0e-20
235.50	4.0e-20
235.55	5.0e-20
235.60	5.0e-20
235.65	5.0e-20
235.70	5.0e-20
235.75	5.0e-20
235.80	6.0e-20
235.85	8.0e-20
235.90	8.0e-20
235.95	7.0e-20
236.00	7.0e-20
236.05	8.0e-20
236.10	7.0e-20
236.15	7.0e-20
236.20	8.0e-20
236.25	1.2e-19
236.30	1.6e-19
236.35	1.7e-19
236.40	3.3e-19
236.45	3.4e-19
236.50	3.3e-19
236.55	2.6e-19
236.60	2.0e-19
236.65	1.5e-19
236.70	1.2e-19
236.75	9.0e-20
236.80	9.0e-20
236.85	8.0e-20
236.90	9.0e-20
236.95	1.0e-19
237.00	1.2e-19
237.05	1.1e-19
237.10	1.0e-19
237.15	1.0e-19
237.20	1.0e-19
237.25	1.0e-19
237.30	1.3e-19
237.35	1.4e-19
237.40	1.4e-19
237.45	1.4e-19
237.50	1.3e-19
237.55	1.8e-19
237.60	3.0e-19
237.65	2.5e-19
237.70	1.9e-19
237.75	1.5e-19
237.80	1.1e-19
237.85	1.1e-19
237.90	1.1e-19
237.95	1.2e-19
238.00	1.1e-19
238.05	1.1e-19
238.10	1.2e-19
238.15	1.1e-19
238.20	1.1e-19
238.25	1.2e-19
238.30	1.1e-19
238.35	1.1e-19
238.40	1.0e-19
238.45	1.0e-19
238.50	1.3e-19
238.55	1.3e-19
238.60	1.1e-19
238.65	9.0e-20
238.70	1.1e-19
238.75	1.4e-19
238.80	1.3e-19
238.85	1.2e-19
238.90	1.2e-19
238.95	1.2e-19
239.00	1.2e-19
239.05	1.1e-19
239.10	1.1e-19
239.15	1.1e-19
239.20	1.0e-19
239.25	9.0e-20
239.30	8.0e-20
239.35	7.0e-20
239.40	7.0e-20
239.45	8.0e-20
239.50	7.0e-20
239.55	9.0e-20
239.60	9.0e-20
239.65	9.0e-20
239.70	8.0e-20
239.75	8.0e-20
239.80	8.0e-20
239.85	8.0e-20
239.90	8.0e-20
239.95	8.0e-20
240.00	7.0e-20
240.05	7.0e-20
240.10	7.0e-20
240.15	7.0e-20
240.20	1.1e-19
240.25	1.4e-19
240.30	1.3e-19
240.35	1.3e-19
240.40	1.1e-19
240.45	9.0e-20
240.50	8.0e-20
240.55	7.0e-20
240.60	6.0e-20
240.65	6.0e-20
240.70	6.0e-20
240.75	6.0e-20
240.80	6.0e-20
240.85	6.0e-20
240.90	7.0e-20
240.95	7.0e-20
241.00	7.0e-20
241.05	1.1e-19
241.10	1.3e-19
241.15	1.2e-19
241.20	1.1e-19
241.25	1.2e-19
241.30	1.2e-19
241.35	1.1e-19
241.40	1.0e-19
241.45	1.4e-19
241.50	2.4e-19
241.55	2.8e-19
241.60	2.9e-19
241.65	7.9e-19
241.70	8.8e-19
241.75	8.3e-19
241.80	6.4e-19
241.85	4.7e-19
241.90	3.4e-19
241.95	2.5e-19
242.00	1.8e-19
242.05	1.6e-19
242.10	1.4e-19
242.15	1.6e-19
242.20	2.1e-19
242.25	2.2e-19
242.30	2.2e-19
242.35	1.9e-19
242.40	1.8e-19
242.45	1.9e-19
242.50	1.9e-19
242.55	2.1e-19
242.60	3.2e-19
242.65	3.2e-19
242.70	2.9e-19
242.75	2.4e-19
242.80	1.9e-19
242.85	2.2e-19
242.90	3.3e-19
242.95	2.8e-19
243.00	2.3e-19
243.05	1.8e-19
243.10	1.6e-19
243.15	1.6e-19
243.20	1.8e-19
243.25	1.9e-19
243.30	2.0e-19
243.35	1.9e-19
243.40	2.0e-19
243.45	1.8e-19
243.50	1.7e-19
243.55	1.9e-19
243.60	1.8e-19
243.65	1.6e-19
243.70	1.5e-19
243.75	1.3e-19
243.80	1.2e-19
243.85	1.5e-19
243.90	1.4e-19
243.95	1.2e-19
244.00	1.2e-19
244.05	1.7e-19
244.10	1.9e-19
244.15	1.8e-19
244.20	1.6e-19
244.25	1.6e-19
244.30	1.8e-19
244.35	1.8e-19
244.40	1.7e-19
244.45	1.6e-19
244.50	1.6e-19
244.55	1.5e-19
244.60	1.4e-19
244.65	1.2e-19
244.70	1.0e-19
244.75	8.0e-20
244.80	8.0e-20
244.85	9.0e-20
244.90	8.0e-20
244.95	8.0e-20
245.00	9.0e-20
245.05	9.0e-20
245.10	9.0e-20
245.15	9.0e-20
245.20	8.0e-20
245.25	9.0e-20
245.30	1.0e-19
245.35	1.0e-19
245.40	9.0e-20
245.45	9.0e-20
245.50	9.0e-20
245.55	8.0e-20
245.60	1.0e-19
245.65	1.7e-19
245.70	1.6e-19
245.75	1.8e-19
245.80	1.6e-19
245.85	1.4e-19
245.90	1.1e-19
245.95	9.0e-20
246.00	8.0e-20
246.05	7.0e-20
246.10	7.0e-20
246.15	7.0e-20
246.20	7.0e-20
246.25	7.0e-20
246.30	7.0e-20
246.35	8.0e-20
246.40	8.0e-20
246.45	8.0e-20
246.50	1.2e-19
246.55	1.6e-19
246.60	1.5e-19
246.65	1.4e-19
246.70	1.3e-19
246.75	1.5e-19
246.80	1.3e-19
246.85	1.1e-19
246.90	1.2e-19
246.95	2.3e-19
247.00	3.6e-19
247.02	3.8e-19
247.04	3.7e-19
247.06	3.6e-19
247.08	3.5e-19
247.10	3.9e-19
247.12	6.5e-19
247.14	1.12e-18
247.16	1.58e-18
247.18	1.79e-18
247.20	1.81e-18
247.22	1.81e-18
247.24	1.72e-18
247.26	1.57e-18
247.28	1.42e-18
247.30	1.27e-18
247.32	1.12e-18
247.34	9.9e-19
247.36	8.6e-19
247.38	7.4e-19
247.40	6.5e-19
247.42	5.7e-19
247.44	5.0e-19
247.46	4.3e-19
247.48	3.8e-19
247.50	3.3e-19
247.52	2.9e-19
247.54	2.7e-19
247.56	2.5e-19
247.58	2.4e-19
247.60	2.2e-19
247.65	2.1e-19
247.70	3.4e-19
247.75	3.7e-19
247.80	3.5e-19
247.85	3.3e-19
247.90	2.9e-19
247.95	2.9e-19
248.00	2.9e-19
248.05	2.5e-19
248.10	3.3e-19
248.15	6.5e-19
248.20	6.3e-19
248.25	5.5e-19
248.30	4.4e-19
248.35	3.3e-19
248.40	3.2e-19
248.45	3.0e-19
248.50	2.4e-19
248.55	1.9e-19
248.60	1.6e-19
248.65	1.5e-19
248.70	2.0e-19
248.75	2.3e-19
248.80	2.5e-19
248.85	2.9e-19
248.90	2.9e-19
248.95	2.7e-19
249.00	2.8e-19
249.05	2.3e-19
249.10	2.2e-19
249.15	2.6e-19
249.20	2.4e-19
249.25	2.1e-19
249.30	1.9e-19
249.35	1.6e-19
249.40	1.5e-19
249.45	1.4e-19
249.50	1.2e-19
249.55	1.0e-19
249.60	1.1e-19
249.65	1.7e-19
249.70	1.8e-19
249.75	1.7e-19
249.80	1.6e-19
249.85	1.6e-19
249.90	2.0e-19
249.95	2.2e-19
250.00	2.1e-19
250.05	1.8e-19
250.10	1.7e-19
250.15	1.6e-19
250.20	1.8e-19
250.25	1.6e-19
250.30	1.3e-19
250.35	1.1e-19
250.40	9.0e-20
250.45	9.0e-20
250.50	8.0e-20
250.55	8.0e-20
250.60	8.0e-20
250.65	9.0e-20
250.70	9.0e-20
250.75	8.0e-20
250.80	8.0e-20
250.85	8.0e-20
250.90	9.0e-20
250.95	1.1e-19
251.00	1.1e-19
251.05	1.0e-19
251.10	9.0e-20
251.15	9.0e-20
251.20	9.0e-20
251.25	9.0e-20
251.30	1.2e-19
251.35	1.5e-19
251.40	1.4e-19
251.45	1.6e-19
251.50	1.3e-19
251.55	1.1e-19
251.60	9.0e-20
251.65	7.0e-20
251.70	6.0e-20
251.75	6.0e-20
251.80	6.0e-20
251.85	6.0e-20
251.90	6.0e-20
251.95	6.0e-20
252.00	6.0e-20
252.05	7.0e-20
252.10	6.0e-20
252.15	6.0e-20
252.20	8.0e-20
252.25	1.3e-19
252.30	1.2e-19
252.35	1.1e-19
252.40	1.0e-19
252.45	1.0e-19
252.50	1.0e-19
252.55	9.0e-20
252.60	8.0e-20
252.65	1.1e-19
252.70	2.2e-19
252.72	2.6e-19
252.74	2.8e-19
252.76	2.8e-19
252.78	2.7e-19
252.80	2.7e-19
252.82	2.6e-19
252.84	2.6e-19
252.86	4.3e-19
252.88	9.1e-19
252.90	1.68e-18
252.92	2.36e-18
252.94	2.60e-18
252.96	2.55e-18
252.98	2.44e-18
253.00	2.26e-18
253.02	2.06e-18
253.04	1.84e-18
253.06	1.64e-18
253.08	1.45e-18
253.10	1.27e-18
253.12	1.08e-18
253.14	9.3e-19
253.16	8.1e-19
253.18	7.1e-19
253.20	6.3e-19
253.22	5.5e-19
253.24	4.7e-19
253.26	4.1e-19
253.28	3.5e-19
253.30	3.2e-19
253.32	2.8e-19
253.34	2.5e-19
253.36	2.2e-19
253.38	2.0e-19
253.40	2.0e-19
253.45	3.4e-19
253.50	5.1e-19
253.55	4.4e-19
253.60	3.9e-19
253.65	3.4e-19
253.70	3.1e-19
253.75	2.9e-19
253.80	2.5e-19
253.85	2.1e-19
253.90	3.9e-19
253.95	9.5e-19
254.00	8.9e-19
254.05	7.6e-19
254.10	5.9e-19
254.15	4.3e-19
254.20	4.1e-19
254.25	4.1e-19
254.30	3.1e-19
254.35	2.4e-19
254.40	1.8e-19
254.45	1.6e-19
254.50	2.2e-19
254.55	2.8e-19
254.60	2.9e-19
254.65	3.0e-19
254.70	3.2e-19
254.75	2.8e-19
254.80	2.7e-19
254.85	2.6e-19
254.90	2.1e-19
254.95	2.3e-19
255.00	3.3e-19
255.05	3.3e-19
255.10	2.8e-19
255.15	2.3e-19
255.20	1.8e-19
255.25	1.7e-19
255.30	1.6e-19
255.35	1.3e-19
255.40	1.1e-19
255.45	1.0e-19
255.50	1.3e-19
255.55	1.3e-19
255.60	1.3e-19
255.65	1.2e-19
255.70	1.2e-19
255.75	1.2e-19
255.80	1.7e-19
255.85	1.8e-19
255.90	1.7e-19
255.95	1.4e-19
256.00	1.2e-19
256.05	1.2e-19
256.10	1.6e-19
256.15	1.6e-19
256.20	1.3e-19
256.25	1.0e-19
256.30	9.0e-20
256.35	8.0e-20
256.40	7.0e-20
256.45	6.0e-20
256.50	6.0e-20
256.55	6.0e-20
256.60	7.0e-20
256.65	6.0e-20
256.70	6.0e-20
256.75	5.0e-20
256.80	5.0e-20
256.85	8.0e-20
256.90	1.0e-19
256.95	9.0e-20
257.00	8.0e-20
257.05	7.0e-20
257.10	7.0e-20
257.15	7.0e-20
257.20	7.0e-20
257.25	7.0e-20
257.30	6.0e-20
257.35	6.0e-20
257.40	6.0e-20
257.45	6.0e-20
257.50	5.0e-20
257.55	4.0e-20
257.60	3.0e-20
257.65	3.0e-20
257.70	3.0e-20
257.75	3.0e-20
257.80	3.0e-20
257.85	3.0e-20
257.90	3.0e-20
257.95	4.0e-20
258.00	5.0e-20
258.05	5.0e-20
258.10	4.0e-20
258.15	4.0e-20
258.20	3.0e-20
258.25	3.0e-20
258.30	3.0e-20
258.35	3.0e-20
258.40	3.0e-20
258.45	3.0e-20
258.50	3.0e-20
258.55	3.0e-20
258.60	3.0e-20
258.65	3.0e-20
258.70	4.0e-20
258.75	3.0e-20
258.80	3.0e-20
258.81	3.0e-20
258.82	3.0e-20
258.83	3.0e-20
258.84	3.0e-20
258.85	3.0e-20
258.86	3.0e-20
258.87	4.0e-20
258.88	6.0e-20
258.89	1.3e-19
258.90	2.7e-19
258.91	5.1e-19
258.92	8.3e-19
258.93	1.17e-18
258.94	1.54e-18
258.95	1.83e-18
258.96	1.98e-18
258.97	1.99e-18
258.98	1.95e-18
258.99	1.91e-18
259.00	1.86e-18
259.01	1.81e-18
259.02	1.76e-18
259.03	1.69e-18
259.04	1.62e-18
259.05	1.55e-18
259.06	1.47e-18
259.07	1.40e-18
259.08	1.33e-18
259.09	1.25e-18
259.10	1.18e-18
259.12	1.05e-18
259.14	9.2e-19
259.16	8.0e-19
259.18	6.8e-19
259.20	5.9e-19
259.22	5.1e-19
259.24	4.6e-19
259.26	4.0e-19
259.28	3.5e-19
259.30	3.0e-19
259.32	2.5e-19
259.34	2.2e-19
259.36	1.8e-19
259.38	1.6e-19
259.40	1.3e-19
259.45	1.1e-19
259.50	2.5e-19
259.55	3.9e-19
259.60	3.1e-19
259.65	2.5e-19
259.70	2.0e-19
259.75	1.6e-19
259.80	1.2e-19
259.85	9.0e-20
259.90	7.0e-20
259.95	7.0e-20
260.00	5.1e-19
260.05	7.3e-19
260.10	6.2e-19
260.15	5.0e-19
260.20	3.8e-19
260.25	2.8e-19
260.30	3.4e-19
260.35	3.0e-19
260.40	2.3e-19
260.45	1.7e-19
260.50	1.3e-19
260.55	1.2e-19
260.60	1.9e-19
260.65	2.1e-19
260.70	2.1e-19
260.75	2.0e-19
260.80	1.7e-19
260.85	1.3e-19
260.90	1.2e-19
260.95	1.0e-19
261.00	7.0e-20
261.05	8.0e-20
261.10	1.7e-19
261.15	2.5e-19
261.20	2.2e-19
261.25	1.8e-19
261.30	1.5e-19
261.35	1.2e-19
261.40	1.4e-19
261.45	1.1e-19
261.50	9.0e-20
261.55	7.0e-20
261.60	6.0e-20
261.65	9.0e-20
261.70	9.0e-20
261.75	9.0e-20
261.80	9.0e-20
261.85	8.0e-20
261.90	6.0e-20
261.95	5.0e-20
262.00	5.0e-20
262.05	4.0e-20
262.10	4.0e-20
262.15	4.0e-20
262.20	5.0e-20
262.25	6.0e-20
262.30	7.0e-20
262.35	6.0e-20
262.40	5.0e-20
262.45	4.0e-20
262.50	5.0e-20
262.55	4.0e-20
262.60	4.0e-20
262.65	3.0e-20
262.70	3.0e-20
262.75	3.0e-20
262.80	4.0e-20
262.85	3.0e-20
262.90	3.0e-20
262.95	3.0e-20
263.00	3.0e-20
263.05	2.0e-20
263.10	2.0e-20
263.15	2.0e-20
263.20	2.0e-20
263.25	2.0e-20
263.30	2.0e-20
263.35	3.0e-20
263.40	3.0e-20
263.45	3.0e-20
263.50	3.0e-20
263.55	2.0e-20
263.60	3.0e-20
263.65	3.0e-20
263.70	2.0e-20
263.75	2.0e-20
263.80	2.0e-20
263.85	1.0e-20
263.90	1.0e-20
263.95	2.0e-20
264.00	1.0e-20
264.05	1.0e-20
264.10	1.0e-20
264.15	1.0e-20
264.20	1.0e-20
264.25	1.0e-20
264.30	1.0e-20
264.35	1.0e-20
264.40	1.0e-20
264.45	1.0e-20
264.50	1.0e-20
264.55	1.0e-20
264.60	1.0e-20
264.65	1.0e-20
264.70	2.0e-20
264.75	1.0e-20
264.80	1.0e-20
264.85	1.0e-20
264.90	1.0e-20
264.95	1.0e-20
265.00	1.0e-20
265.05	1.0e-20
265.10	1.0e-20
265.15	1.0e-20
265.20	1.0e-20
265.25	1.0e-20
265.30	1.0e-20
265.35	1.0e-20
265.40	1.0e-20
265.45	1.0e-20
265.50	1.0e-20
265.55	1.0e-20
265.60	1.0e-20
265.65	1.0e-20
265.70	1.0e-20
265.75	3.0e-20
265.80	3.0e-20
265.85	3.0e-20
265.90	2.0e-20
265.95	2.0e-20
266.00	1.0e-20
266.05	1.0e-20
266.10	1.0e-20
266.15	1.0e-20
266.20	1.0e-20
266.25	1.0e-20
266.30	1.0e-20
266.35	0.000
266.40	1.0e-20
266.45	1.0e-20
266.50	1.0e-20
266.55	0.000
266.60	1.0e-20
266.65	1.0e-20
266.70	5.0e-20
266.75	1.4e-19
266.80	1.1e-19
266.85	9.0e-20
266.90	7.0e-20
266.95	6.0e-20
267.00	4.0e-20
267.05	3.0e-20
267.10	2.0e-20
267.15	2.0e-20
267.20	1.0e-20
267.25	1.0e-20
267.30	1.0e-20
267.35	2.0e-20
267.40	2.0e-20
267.45	2.0e-20
267.50	1.0e-20
267.55	1.0e-20
267.60	1.0e-20
267.65	1.0e-20
267.70	1.0e-20
267.75	1.0e-20
267.80	1.0e-20
267.85	3.0e-20
267.90	5.0e-20
267.95	4.0e-20
268.00	3.0e-20
268.05	3.0e-20
268.10	2.0e-20
268.15	2.0e-20
268.20	1.0e-20
268.25	1.0e-20
268.30	1.0e-20
268.35	1.0e-20
268.40	1.0e-20
268.45	1.0e-20
268.50	1.0e-20
268.55	1.0e-20
268.60	2.0e-20
268.65	1.0e-20
268.70	1.0e-20
268.75	1.0e-20
268.80	1.0e-20
268.85	1.0e-20
268.90	1.0e-20
268.95	0.000
269.00	1.0e-20
269.05	2.0e-20
269.10	1.0e-20
269.15	1.0e-20
269.20	1.0e-20
269.25	1.0e-20
269.30	1.0e-20
269.35	1.0e-20
269.40	0.000
269.45	0.000
269.50	0.000
269.55	0.000
269.60	0.000
269.65	0.000
269.70	0.000
269.75	0.000
269.80	0.000
269.85	0.000
269.90	0.000
269.95	0.000
270.00	0.000
270.05	0.000
270.10	0.000
270.15	0.000
270.20	0.000
270.25	0.000
270.30	0.000
270.35	0.000
270.40	0.000
270.45	0.000
270.50	0.000
270.55	0.000
270.60	0.000
270.65	0.000
270.70	0.000
270.75	0.000
270.80	0.000
270.85	0.000
270.90	0.000
270.95	0.000
271.00	0.000
272.00	0.000
273.00	0.000
274.00	0.000
275.00	0.000
276.00	0.000
277.00	0.000
278.00	0.000
279.00	0.000
280.00	0.000
281.00	0.000
282.00	0.000
283.00	0.000
284.00	0.000
285.00	0.000
286.00	0.000
287.00	0.000
288.00	0.000
289.00	0.000
290.00	0.000
291.00	0.000
292.00	0.000
293.00	0.000
294.00	0.000
295.00	0.000
296.00	0.000
297.00	0.000
298.00	0.000
299.00	0.000
300.00	0.000
301.00	0.000
302.00	0.000
303.00	0.000
304.00	0.000
305.00	0.000
306.00	0.000
307.00	0.000
308.00	0.000
309.00	0.000
310.00	0.000
311.00	0.000
312.00	0.000
313.00	0.000
314.00	0.000
315.00	0.000
316.00	0.000
317.00	0.000
318.00	0.000
319.00	0.000
320.00	0.000
321.00	0.000
322.00	0.000
323.00	0.000
324.00	0.000
325.00	0.000
326.00	0.000
327.00	0.000
328.00	0.000
329.00	0.000
330.00	0.000
