4.044808961792357991e+02
7.261452290458090602e+02
1.095219043808761654e+02
7.951590318063612131e+02
5.866173234646928449e+02
5.491098219643928360e+02
4.044808961792357991e+02
4.416883376675334603e+02
4.818963792758551108e+02
2.094418883776755251e+02
6.067213442688537270e+02
5.290058011602319539e+02
6.277255451090217093e+02
3.399679935987197155e+02
2.169433886777355269e+02
4.050810162032406083e+02
3.252650530106021165e+02
3.828765753150630076e+02
6.985397079415882899e+02
4.161832366473294087e+02
2.394478895779155607e+02
2.703540708141628102e+02
4.455891178235646635e+02
1.626325265053010583e+02
5.707141428285656275e+02
5.740148029605920783e+02
4.056811362272454176e+02
5.575115023004600516e+02
6.526305261052209516e+02
6.163232646529305612e+02
8.836767353470693251e+02
4.107821564312862392e+02
5.866173234646928449e+02
6.874374874974994327e+02
6.313262652530505648e+02
2.379475895179035660e+02
2.901580316063212308e+02
4.044808961792357991e+02
8.116623324664932397e+02
9.901980396079214586e+01
5.431086217243448573e+02
3.876775355071013678e+02
2.628525705141028084e+02
8.128625725145028582e+02
2.880576115223044553e+02
4.482896579315863050e+02
1.614322864572914398e+02
2.190438087617523308e+02
3.579715943188637652e+02
2.514502900580115750e+02
6.082216443288657501e+02
3.888777755551109863e+02
6.133226645329065150e+02
3.768753750750149720e+02
6.415283056611322081e+02
5.470094018803760036e+02
1.563312662532506465e+02
7.003400680136027177e+02
4.284856971394278276e+02
5.632126425285056257e+02
6.718343668733746199e+02
6.985397079415882899e+02
1.176235247049409764e+02
3.258651730346068689e+02
4.281856371274254229e+02
3.609721944388877546e+02
2.178435687137427408e+02
2.697539507901580009e+02
2.235447089417883433e+02
3.897779555911182001e+02
4.014802960592118097e+02
4.407881576315262464e+02
6.448289657931585452e+02
7.261452290458090602e+02
3.948789757951590218e+02
7.171434286857370353e+02
4.437887577515502926e+02
3.660732146429285763e+02
8.047609521904380472e+02
4.269853970794158613e+02
3.396679335867173108e+02
5.554110822164432193e+02
3.486697339467893357e+02
5.536107221444287916e+02
5.449089817963591713e+02
4.179835967193438364e+02
2.946589317863572433e+02
4.896979395879175172e+02
3.471694338867773126e+02
4.944988997799559343e+02
3.501700340068013588e+02
6.649329865973194273e+02
1.935387077415483077e+02
4.686937387477495349e+02
3.348669733946788938e+02
3.951790358071614264e+02
2.325465093018603397e+02
5.440088017603520711e+02
2.784556911382276212e+02
5.746149229845968875e+02
3.711742348469693411e+02
3.567713542708541468e+02
4.098819763952790254e+02
5.158031606321263780e+02
5.224044808961791659e+02
3.396679335867173108e+02
6.178235647129425843e+02
5.461092218443687898e+02
8.125625125025004536e+02
4.527905581116222606e+02
5.224044808961791659e+02
2.823564712942588244e+02
2.502500500100019849e+02
5.683136627325465042e+02
6.940388077615522207e+02
8.521704340868172949e+02
1.036407281456291230e+03
3.039607921584316728e+02
7.147429485897179120e+02
4.218843768753750396e+02
4.056811362272454176e+02
2.913582716543308493e+02
2.094418883776755251e+02
3.816763352670533891e+02
8.431686337267452700e+02
3.156631326265252824e+02
1.428285657131426092e+02
8.512702540508100810e+02
5.359071814362872601e+02
1.269253850770153917e+02
4.008801760352070005e+02
3.978795759151830111e+02
7.138427685537106981e+02
5.167033406681335919e+02
3.054610922184436390e+02
6.700340068013601922e+02
2.880576115223044553e+02
2.781556311262252166e+02
4.380876175235046617e+02
6.439287857571513314e+02
8.062612522504500703e+02
5.425085017003400480e+02
5.677135427085416950e+02
3.963792758551709881e+02
4.542908581716342837e+02
6.040208041608320855e+02
3.909781956391278186e+02
4.554910982196439022e+02
3.648729745949189578e+02
4.323864772954590308e+02
2.427485497099419547e+02
7.201440288057610815e+02
1.917383476695338800e+02
4.623924784956990948e+02
6.364272854570913296e+02
4.911982396479295403e+02
5.029005801160231499e+02
5.221044208841767613e+02
3.996799359871973820e+02
4.245849169833966243e+02
5.749149829965992922e+02
3.696739347869573749e+02
5.467093418683735990e+02
2.868573714742948368e+02
3.834766953390677600e+02
4.935987197439487772e+02
7.684536907381475430e+02
2.778555711142228120e+02
1.938387677535506839e+02
4.824964992998599200e+02
2.382476495299059707e+02
2.010402080416083095e+02
3.969793958791757973e+02
4.713942788557711197e+02
1.548309661932386234e+02
4.458891778355670681e+02
3.708741748349669365e+02
8.110622124424884305e+02
4.284856971394278276e+02
2.778555711142228120e+02
3.198639727945588902e+02
5.305061012202439770e+02
4.380876175235046617e+02
3.396679335867173108e+02
2.472494498899779671e+02
4.251850370074014336e+02
4.146829365873174424e+02
6.640328065613122135e+02
7.762552510502099494e+02
3.459691938387677510e+02
3.531706341268253482e+02
4.266853370674134567e+02
3.624724944988997777e+02
3.507701540308061112e+02
9.769953990798159111e+02
3.597719543908781361e+02
7.417483496699338730e+02
4.359871974394878862e+02
2.109421884376875198e+02
4.005801160232045959e+02
2.619523904780955945e+02
2.949589917983596479e+02
3.276655331066212966e+02
2.988597719543908511e+02
8.626725345069013429e+02
3.057611522304460436e+02
5.680136027205440996e+02
5.779155831166232247e+02
4.305861172234446599e+02
5.353070614122824509e+02
3.699739947989597795e+02
5.881176235247048680e+02
4.416883376675334603e+02
4.485897179435887097e+02
7.312462492498499387e+02
6.418283656731346127e+02
1.917383476695338800e+02
5.164032806561311872e+02
4.722944588917783335e+02
4.743948789757951090e+02
5.728145629125824598e+02
4.386877375475094709e+02
6.547309461892377840e+02
6.043208641728344901e+02
4.929985997199439680e+02
2.937587517503500294e+02
1.497299459891978302e+02
6.211242248449689214e+02
4.797959591918383353e+02
3.693738747749549702e+02
5.923184636927385327e+02
2.505501100220043895e+02
5.698139627925584136e+02
4.500900180036006759e+02
2.394478895779155607e+02
5.620124024804960072e+02
1.950390078015603024e+02
5.974194838967792975e+02
4.833966793358671339e+02
2.895579115823164216e+02
3.552710542108421237e+02
3.393678735747149062e+02
4.062812562512502268e+02
3.852770554110821877e+02
7.954590918183636177e+02
4.962992598519703620e+02
3.918783756751349756e+02
4.395879175835166848e+02
4.173834766953390272e+02
6.931386277255450068e+02
3.765753150630125674e+02
3.168633726745349009e+02
3.474694938987797173e+02
3.612722544508901592e+02
4.020804160832166190e+02
4.713942788557711197e+02
4.509901980396078898e+02
9.469893978795757903e+02
4.275855171034206705e+02
5.866173234646928449e+02
3.105621124224844607e+02
5.845169033806761263e+02
2.595519103820764144e+02
3.357671534306861076e+02
5.641128225645128396e+02
3.471694338867773126e+02
2.769553910782155981e+02
3.963792758551709881e+02
6.595319063812762579e+02
4.743948789757951090e+02
3.954790958191637742e+02
1.758351670334066625e+02
1.485297059411882117e+02
4.665933186637327026e+02
1.461292258451690316e+02
5.569113822764552424e+02
3.726745349069813642e+02
2.049409881976395127e+02
4.308861772354470645e+02
5.284056811362272583e+02
4.518903780756151036e+02
6.445289057811561406e+02
3.648729745949189578e+02
5.677135427085416950e+02
3.792758551710341521e+02
7.594518903780755181e+02
1.428285657131426092e+02
4.902980596119223264e+02
6.178235647129425843e+02
5.344068813762752370e+02
4.419883976795358649e+02
5.821164232846568893e+02
1.956391278255650832e+02
5.260052010402080214e+02
5.656131226245248627e+02
7.243448689737947461e+02
5.308061612322463816e+02
7.558511702340467764e+02
4.044808961792357991e+02
8.233646729345869062e+02
6.772354470894177894e+02
9.898979795959190824e+02
6.760352070414081709e+02
4.281856371274254229e+02
4.836967393478695385e+02
9.103820764152829952e+02
4.086817363472694069e+02
4.764952990598119413e+02
2.796559311862372397e+02
7.780556111222243771e+02
7.798559711942388049e+02
5.398079615923184065e+02
4.620924184836967186e+01
1.902380476095218853e+02
1.013002600520103897e+03
2.697539507901580009e+02
3.483696739347869311e+02
9.625925185037007168e+02
4.116823364672934531e+02
7.609521904380875412e+02
5.263052610522104260e+02
6.946389277855570299e+02
3.417683536707341432e+02
4.092818563712742161e+02
4.938987797559511250e+02
5.086017203440687808e+02
5.182036407281456150e+02
6.676335267053410689e+02
5.533106621324263870e+02
5.239047809561911890e+02
5.728145629125824598e+02
3.969793958791757973e+02
5.422084416883376434e+02
2.604520904180835714e+02
7.585517103420683043e+02
3.207641528305661041e+02
4.287857571514302322e+02
2.922584516903380631e+02
7.561512302460491810e+02
3.030606121224244589e+02
7.201440288057610815e+02
2.553510702140427782e+02
5.401080216043208111e+02
3.864772954590918062e+02
2.184436887377475216e+02
4.140828165633126332e+02
7.702540508101619707e+02
9.229845969193837618e+02
2.541508301660331881e+02
5.881176235247048680e+02
5.596119223844768840e+02
5.608121624324865024e+02
6.604320864172833581e+02
3.096619323864772468e+02
5.023004600920183407e+02
3.693738747749549702e+02
4.896979395879175172e+02
5.629125825165032211e+02
3.723744748949789596e+02
1.800360072014402704e+02
5.401080216043208111e+02
3.072614522904580667e+02
6.820364072814562633e+02
8.473694738947789347e+02
5.152030406081215688e+02
6.445289057811561406e+02
4.035807161432285852e+02
2.379475895179035660e+02
7.273454690938186786e+02
5.053010602120423869e+02
3.147629525905180685e+02
5.440088017603520711e+02
6.250250050010001814e+02
6.691338267653529783e+02
9.145829165833165462e+02
7.087417483496699333e+02
9.100820164032805906e+02
6.640328065613122135e+02
5.956191238247648698e+02
1.089217843568713704e+02
3.183636727345468671e+02
4.008801760352070005e+02
2.676535307061412254e+02
7.030406081216242455e+02
2.565513102620523682e+02
3.921784356871373802e+02
8.296659331866372895e+02
1.656331266253250476e+02
3.036607321464292681e+02
2.988597719543908511e+02
9.154830966193237600e+02
8.410682136427284377e+02
4.140828165633126332e+02
6.937387477495498160e+02
2.568513702740547728e+02
3.909781956391278186e+02
3.768753750750149720e+02
7.219443888777755092e+02
5.965193038607720837e+02
1.905381076215242899e+02
5.386077215443087880e+02
7.498499699939986840e+02
3.675735147029405425e+02
6.721344268853769677e+01
6.274254850970193047e+02
4.521904380876175082e+02
4.767953590718143460e+02
4.968993798759751712e+02
6.931386277255450068e+02
3.213642728545709133e+02
5.968193638727744883e+02
3.972794558911782019e+02
9.943988797759551517e+02
4.371874374874974478e+02
1.064312862572514405e+03
5.209041808361671428e+02
4.251850370074014336e+02
1.485297059411882117e+02
1.078715743148629599e+03
5.419083816763352388e+02
6.256251250250049907e+02
7.342468493698738712e+02
2.394478895779155607e+02
6.541308261652329747e+02
6.568313662732546163e+02
2.250450090018003380e+02
4.449889977995598542e+02
3.639727945589117439e+02
4.038807761552309898e+02
8.302660532106420987e+02
3.276655331066212966e+02
4.272854570914182659e+02
5.830166033206641032e+02
4.131826365273054193e+02
3.378675735147029400e+02
4.350870174034806723e+02
1.599319863972794451e+02
4.470894178835766866e+02
4.809961992398479538e+02
9.655931186237246493e+02
7.402480496099219636e+02
7.777555511102219725e+02
4.956991398279655527e+02
1.335267053410682081e+02
3.567713542708541468e+02
2.091418283656731205e+02
5.563112622524504332e+02
6.142228445689137288e+02
3.615723144628925638e+02
3.843768753750749738e+02
4.215843168633726350e+02
4.074814962992598453e+02
5.551110222044408147e+02
5.077015403080615670e+02
3.825765153030606029e+02
4.806961392278455492e+02
4.407881576315262464e+02
4.704940988197639058e+02
3.513702740548109205e+02
5.158031606321263780e+02
6.523304660932185470e+02
6.523304660932185470e+02
6.874374874974994327e+02
3.183636727345468671e+02
5.437087417483496665e+02
6.058211642328465132e+02
7.177435487097418445e+02
8.239647929585916017e+02
3.435687137427485141e+02
1.292358471694338732e+03
3.411682336467293339e+02
5.248049609921984029e+02
8.263652730546108387e+02
2.979595919183836372e+02
2.976595319063812326e+02
4.224844968993798489e+02
7.474494898979795607e+02
6.481296259251849960e+02
4.053810762152430129e+02
4.059811962392478222e+02
8.224644928985796923e+02
4.614922984596918809e+02
3.660732146429285763e+02
4.056811362272454176e+02
6.352270454090817111e+02
5.314062812562511908e+02
2.955591118223644571e+02
4.584916983396678916e+02
3.009601920384076834e+02
5.194038807761552334e+02
5.209041808361671428e+02
4.305861172234446599e+02
7.372474494898979174e+02
5.347069413882776416e+02
2.319463892778555589e+02
3.168633726745349009e+02
2.940588117623524340e+02
4.977995599119823282e+02
4.776955391078215030e+02
3.264652930586116781e+02
3.924784956991397848e+02
3.003600720144028742e+02
4.605921184236847239e+02
4.407881576315262464e+02
6.613322664532905719e+02
6.859371874374874096e+02
8.608721744348869152e+02
7.024404880976194363e+02
4.824964992998599200e+02
2.826565313062612290e+02
4.785957191438287168e+02
5.005001000200039698e+02
6.424284856971394220e+02
8.389677935587117190e+02
4.503900780156030805e+02
4.236847369473894673e+02
7.747549509901979263e+02
6.775355071014201940e+02
4.560912182436487115e+02
7.114422884576914612e+02
7.924584916983395715e+02
2.019403880776154949e+02
6.235247049409881583e+02
6.409281856371273989e+02
4.956991398279655527e+02
5.251050210042008075e+02
2.526505301060211934e+02
4.797959591918383353e+02
9.160832166433285693e+02
8.752750550110021095e+02
2.544508901780355927e+02
2.361472294458891668e+02
4.656931386277254887e+02
4.626925385077014994e+02
3.138627725545108547e+02
5.305061012202439770e+02
2.598519703940788190e+02
1.617323464692938444e+02
5.110022004400879609e+02
7.594518903780755181e+02
2.727545509101819903e+02
3.894778955791157955e+02
8.554710942188437457e+02
2.052410482096419173e+02
2.829565913182636336e+02
1.764352870574114718e+02
3.417683536707341432e+02
6.397279455891177804e+02
3.777755551110221859e+02
5.638127625525104349e+02
2.514502900580115750e+02
5.176035207041408057e+02
1.899379875975194807e+02
7.126425285057010797e+02
6.334266853370673971e+02
4.602920584116823193e+02
5.206041208241647382e+02
8.617723544708941290e+02
2.040408081616322988e+02
5.230046009201839752e+02
8.308661732346469080e+02
7.216443288657731046e+02
4.302860572114422553e+02
4.770954190838167506e+02
5.890178035607120819e+02
2.154430886177235323e+02
7.093418683736746289e+02
4.296859371874374460e+02
3.831766353270653553e+02
4.197839567913582641e+02
4.932986597319463726e+02
6.958391678335666484e+02
4.323864772954590308e+02
5.563112622524504332e+02
8.380676135227045052e+02
7.429485897179434915e+02
5.188037607521504242e+02
3.954790958191637742e+02
7.816563312662532326e+02
6.388277655531105665e+02
4.428885777155430787e+02
5.776155231046209337e+02
2.718543708741748333e+02
1.818363672734546697e+02
4.875975195039007417e+02
6.043208641728344901e+02
5.104020804160831517e+02
5.530106021204240960e+02
2.988597719543908511e+02
5.662132426485296719e+02
1.287257451490297910e+02
2.571514302860571775e+02
4.029805961192238328e+02
2.889577915583116123e+02
5.047009401880375776e+02
4.278855771154230752e+02
8.722744548909781770e+02
6.619323864772953812e+02
7.765553110622123540e+02
5.401080216043208111e+02
4.917983596719343495e+02
5.677135427085416950e+02
4.179835967193438364e+02
1.599319863972794451e+02
9.115823164632926137e+02
9.496899379875974319e+02
7.165433086617323397e+02
5.692138427685537181e+02
2.715543108621724286e+02
7.948589717943588084e+02
6.322264452890577786e+02
2.517503500700139796e+02
3.678735747149429471e+02
9.670934186837366724e+02
5.746149229845968875e+02
9.688937787557511001e+02
2.727545509101819903e+02
9.514902980596118596e+02
1.800360072014402704e+02
2.622524504900979991e+02
5.869173834766952496e+02
8.443688737747548885e+02
2.337467493498699582e+02
3.468693738747749080e+02
5.797159431886376524e+02
4.674934986997399164e+02
7.414482896579315820e+02
7.150430086017203166e+02
2.361472294458891668e+02
5.788157631526304385e+02
2.061412282456491027e+02
8.266653330666132433e+02
6.862372474494898142e+02
5.437087417483496665e+02
2.805561112222444535e+02
6.433286657331465221e+02
6.859371874374874096e+02
5.761152230446089106e+02
6.865373074614922189e+02
7.036407281456290548e+02
7.969593918783756408e+02
1.040608121624324667e+03
2.931586317263452202e+02
4.398879775955190894e+02
1.347269453890777982e+02
4.434886977395478880e+02
8.029605921184236195e+02
5.710142028405680321e+02
4.971994398879775758e+02
5.863172634526904403e+02
2.139427885577115376e+02
4.827965593118623246e+02
6.508301660332066376e+02
7.825565113022603327e+02
8.698739747949589400e+02
4.452890578115622588e+02
2.988597719543908511e+02
9.367873574714942606e+02
1.584316863372674504e+02
2.037407481496299226e+02
7.348469693938786804e+02
5.794158831766352478e+02
3.936787357471494033e+02
1.374274854970994113e+02
4.140828165633126332e+02
8.533706741348269134e+02
4.305861172234446599e+02
1.380276055211042205e+02
1.004900980196039086e+03
4.059811962392478222e+02
5.782156431286256293e+02
2.847569513902780045e+02
4.452890578115622588e+02
3.024604920984196497e+02
7.549509901980395625e+02
5.206041208241647382e+02
5.155031006201239734e+02
4.005801160232045959e+02
4.416883376675334603e+02
4.395879175835166848e+02
5.131026205241047364e+02
3.273654730946188920e+02
6.655331066213242366e+02
6.484296859371874007e+02
1.027105421084216687e+03
5.926185237047409373e+02
7.777555511102219725e+02
4.821964392878575154e+02
6.892378475695138604e+02
4.983996799359871375e+02
3.306661332266452860e+02
4.617923584716942855e+02
5.767153430686137199e+02
2.739547909581916088e+02
5.335067013402680232e+02
5.221044208841767613e+02
6.508301660332066376e+02
2.142428485697139138e+02
1.452290458091618177e+02
3.804760952190437706e+02
4.284856971394278276e+02
3.417683536707341432e+02
4.113822764552910485e+02
5.944188837767552513e+02
3.834766953390677600e+02
4.692938587717542873e+02
5.926185237047409373e+02
9.571914382876575189e+01
2.538507701540307835e+02
2.988597719543908511e+02
6.913382676535306928e+02
2.982596519303860418e+02
7.786557311462291864e+02
5.341068213642728324e+02
9.382876575315061700e+02
3.150630126025204731e+02
4.245849169833966243e+02
4.623924784956990948e+02
3.588717743548709223e+02
4.578915783156630823e+02
4.527905581116222606e+02
6.391278255651129712e+02
4.653930786157230841e+02
3.393678735747149062e+02
8.455691138227645069e+02
3.207641528305661041e+02
3.738747749549909827e+02
1.821364272854570743e+02
5.761152230446089106e+02
5.131026205241047364e+02
1.137227445489097732e+02
8.872774554910981806e+02
6.655331066213242366e+02
4.995999199839967559e+02
4.026805361072214282e+02
9.256851370274054034e+02
5.905181036207241050e+02
2.625525105021004038e+02
2.889577915583116123e+02
2.892578515703140170e+02
5.227045409081815706e+02
1.926385277055410938e+02
8.770754150830165372e+02
2.229445889177835340e+02
8.674734946989397031e+02
6.955391078215642437e+02
2.796559311862372397e+02
3.504700940188037066e+02
1.893378675735146999e+02
6.973394678935786715e+02
8.461692338467693162e+02
6.157231446289257519e+02
3.063612722544508529e+02
3.666733346669333287e+02
7.849569913982795697e+02
5.680136027205440996e+02
3.669733946789357333e+02
3.384676935387076924e+02
5.875175035007000588e+02
3.135627125425084500e+02
5.662132426485296719e+02
2.385477095419083753e+02
5.311062212442487862e+02
2.073414682936587212e+02
5.962192438487696791e+02
6.298259651930385417e+02
4.002800560112021913e+02
2.013402680536107141e+02
3.519703940788157297e+02
3.039607921584316728e+02
5.887177435487096773e+02
3.276655331066212966e+02
5.734146829365872691e+02
2.895579115823164216e+02
5.464092818563711944e+02
8.092618523704740028e+02
4.809961992398479538e+02
4.002800560112021913e+02
6.061212242448489178e+02
3.687737547509501610e+02
3.039607921584316728e+02
5.764152830566113153e+02
5.251050210042008075e+02
3.540708141628325620e+02
6.388277655531105665e+02
5.086017203440687808e+02
3.672734546909381379e+02
2.340468093618723628e+02
6.379275855171033527e+02
5.959191838367672744e+02
3.882776555311061770e+02
5.740148029605920783e+02
5.245049009801959983e+02
1.052910582116423257e+03
3.057611522304460436e+02
2.757551510302060365e+02
2.196439287857571401e+02
5.098019603920783993e+02
4.452890578115622588e+02
4.257851570314062428e+02
4.983996799359871375e+02
3.444688937787557279e+02
6.808361672334466448e+02
5.167033406681335919e+02
3.573714742948589560e+02
2.658531706341267977e+02
5.506101220244048591e+02
5.254050810162032121e+02
7.924584916983395715e+02
1.950390078015603024e+01
4.941988397679535296e+02
4.605921184236847239e+02
6.049209841968392993e+02
2.145429085817163184e+02
8.242648529705940064e+02
4.320864172834566830e+02
2.091418283656731205e+02
7.093418683736746289e+02
2.937587517503500294e+02
3.648729745949189578e+02
5.191038207641528288e+02
6.100220044008801779e+02
4.776955391078215030e+02
7.138427685537106981e+02
6.325265053010601832e+02
5.125025005000999272e+02
4.494898979795958667e+02
3.273654730946188920e+02
4.854970994198839094e+02
5.986197239447889160e+02
2.283456691338267603e+02
3.999799959991997866e+02
5.935187037407481512e+02
5.662132426485296719e+02
6.616323264652929765e+02
6.661332266453290458e+02
7.315463092618523433e+02
6.301260252050409463e+02
3.519703940788157297e+02
4.800960192038407399e+02
8.944788957791557777e+02
8.785757151430285603e+02
3.984796959391878204e+02
6.001200240048009391e+02
4.707941588317663104e+02
5.629125825165032211e+02
3.711742348469693411e+02
5.938187637527505558e+02
4.845969193838767524e+02
2.583516703340667959e+02
4.059811962392478222e+02
3.654730946189237670e+02
6.448289657931585452e+02
4.479895979195839004e+02
7.723544708941788031e+02
4.554910982196439022e+02
1.797359471894378657e+02
5.482096419283856221e+02
9.967993598719742749e+02
2.943588717743548386e+02
5.332066413282656185e+02
4.125825165033006101e+02
5.683136627325465042e+02
1.653330666133226430e+02
8.686737347469493216e+02
7.189437887577514630e+02
3.927785557111421895e+02
8.614722944588917244e+02
3.282656531306261058e+02
7.435487097419483007e+02
3.120624124824964838e+02
4.449889977995598542e+02
2.376475295059011614e+02
5.035007001400279592e+02
2.199439887977595447e+02
5.728145629125824598e+02
4.368873774754950432e+02
5.371074214842967649e+02
3.582716543308661699e+02
5.179035807161432103e+02
4.734946989397878951e+02
4.845969193838767524e+02
5.965193038607720837e+02
3.129625925185036976e+02
4.200840168033606119e+02
4.638927785557111179e+02
4.287857571514302322e+02
8.731746349269852772e+02
6.595319063812762579e+02
6.079215843168633455e+02
3.138627725545108547e+02
5.335067013402680232e+02
6.544308861772353794e+02
5.089017803560711855e+02
7.726545309061812077e+02
4.371874374874974478e+02
2.463492698539707817e+02
9.754950990198038880e+02
3.486697339467893357e+02
4.848969793958791570e+02
6.169233846769353704e+02
3.075615123024604713e+02
9.691938387677535047e+02
2.187437487497499262e+02
3.498699739947989542e+02
3.000600120024004696e+02
8.320664132826564128e+02
6.058211642328465132e+02
3.279655931186237012e+02
2.610522104420883807e+02
5.137027405481095457e+02
1.755351070214042579e+02
4.551910382076414976e+02
9.451890378075614763e+01
2.112422484496899244e+02
6.553310662132425932e+02
5.431086217243448573e+02
4.956991398279655527e+02
6.331266253250649925e+02
3.111622324464892699e+02
3.579715943188637652e+02
4.731946389277854905e+02
6.391278255651129712e+02
5.689137827565513135e+02
9.823964792958590806e+02
3.279655931186237012e+02
1.938387677535506839e+02
2.979595919183836372e+02
5.938187637527505558e+02
4.089817963592718115e+02
4.425885177035406741e+02
2.700540108021604055e+02
1.926385277055410938e+02
7.855571114222843789e+02
1.911382276455290992e+02
7.354470894178834897e+02
2.700540108021604055e+02
3.900780156031206047e+02
8.914782956591317316e+02
4.434886977395478880e+02
4.452890578115622588e+02
5.455091018203639806e+02
2.487497499499899902e+02
3.381676335267052877e+02
3.621724344868973731e+02
4.035807161432285852e+02
9.412882576515302162e+02
5.251050210042008075e+02
2.364472894578915714e+02
7.903580716143228528e+02
4.674934986997399164e+02
3.978795759151830111e+02
6.604320864172833581e+02
4.299859971994398506e+02
9.703940788157631232e+02
3.306661332266452860e+02
3.570714142828565514e+02
7.042408481696338640e+02
4.458891778355670681e+02
6.259251850370073953e+02
3.702740548109621841e+02
6.544308861772353794e+02
4.644928985797159271e+02
8.296659331866372895e+02
4.017803560712142144e+02
5.947189437887576560e+02
3.726745349069813642e+02
8.362672534506900774e+02
3.168633726745349009e+02
5.239047809561911890e+02
3.093618723744748422e+02
3.921784356871373802e+02
5.203040608121623336e+02
5.104020804160831517e+02
3.657731546309261716e+02
1.737347469493898586e+02
5.860172034406880357e+02
4.689937987597519395e+02
7.435487097419483007e+02
1.033106621324264779e+03
5.173034606921384011e+02
2.358471694338867621e+02
7.387477495499099405e+02
2.517503500700139796e+02
7.351470294058810850e+02
5.629125825165032211e+02
3.294658931786357243e+02
6.799359871974394309e+02
2.808561712342468013e+02
8.596719343868772967e+02
1.956391278255650832e+02
9.532906581316262873e+02
7.720544108821763984e+02
4.251850370074014336e+02
2.100420084016803060e+02
1.482296459291858355e+02
5.518103620724144776e+02
5.008001600320063744e+02
1.126125225045008847e+03
6.745349069813962615e+02
